0.11833 0 0.055436
0.126715 0 0.055436
0.134479 0 0.055436
0.598453 0 0.055436
0.980523 0 0.055436
1.00643 0 0.055436
1.34745 0 0.055436
1.35881 0 0.055436
1.3591 0 0.055436
1.36656 0 0.055436
1.37446 0 0.055436
1.37979 0 0.055436
1.38765 0 0.055436
1.3909 0 0.055436
1.39837 0 0.055436
1.40373 0 0.055436
1.40642 0 0.055436
1.41497 0 0.055436
1.41827 0 0.055436
1.41978 0 0.055436
1.42249 0 0.055436
1.43071 0 0.055436
1.43885 0 0.055436
1.44654 0 0.055436
1.45502 0 0.055436
1.46266 0 0.055436
1.4705 0 0.055436
1.47553 0 0.055436
1.47856 0 0.055436
1.48356 0 0.055436
1.48695 0 0.055436
1.49436 0 0.055436
1.4947 0 0.055436
1.50277 0 0.055436
1.51057 0 0.055436
1.51552 0 0.055436
1.52342 0 0.055436
1.52649 0 0.055436
4.23119 0 0.055436
4.23608 0 0.055436
4.23872 0 0.055436
4.25217 0 0.055436
4.25504 0 0.055436
4.26308 0 0.055436
4.27584 0 0.055436
4.2789 0 0.055436
4.28689 0 0.055436
4.29527 0 0.055436
4.49489 0 0.055436
4.50001 0 0.055436
4.50314 0 0.055436
4.51576 0 0.055436
4.5188 0 0.055436
4.53199 0 0.055436
4.53518 0 0.055436
4.55614 0 0.055436
4.5589 0 0.055436
4.56685 0 0.055436
4.66823 0 0.055436
4.71111 0 0.055436
4.75603 0 0.055436
4.77192 0 0.055436
4.7751 0 0.055436
4.78005 0 0.055436
4.78298 0 0.055436
4.79597 0 0.055436
4.79913 0 0.055436
4.82025 0 0.055436
4.82345 0 0.055436
4.84395 0 0.055436
4.94795 0 0.055436
4.99201 0 0.055436
5.47705 0 0.055436
5.74812 0 0.055436
5.77546 0 0.055436
5.85689 0 0.055436
5.98036 0 0.055436
6.02018 0 0.055436
6.05223 0 0.055436
6.13213 0 0.055436
6.15113 0 0.055436
6.18847 0 0.055436
6.21229 0 0.055436
6.27632 0 0.055436
6.36733 0 0.055436
6.78022 0 0.055436
6.84742 0 0.055436
6.91635 0 0.055436
7.00466 0 0.055436
7.01542 0 0.055436
7.06085 0 0.055436
7.6447 0 0.055436
7.7354 0 0.055436
7.94048 0 0.055436
7.97522 0 0.055436
8.12479 0 0.055436
8.18338 0 0.055436
8.2055 0 0.055436
8.21256 0 0.055436
8.29538 0 0.055436
8.38867 0 0.055436
9.13589 0 0.055436
12.4692 0 0.055436
12.6323 0 0.055436
12.6662 0 0.055436
12.6719 0 0.055436
12.6961 0 0.055436
12.704 0 0.055436
12.7091 0 0.055436
12.717 0 0.055436
12.7281 0 0.055436
12.7381 0 0.055436
12.7443 0 0.055436
12.76 0 0.055436
12.7681 0 0.055436
12.7817 0 0.055436
12.7822 0 0.055436
12.786 0 0.055436
12.7921 0 0.055436
12.7999 0 0.055436
12.808 0 0.055436
12.8083 0 0.055436
12.813 0 0.055436
12.8161 0 0.055436
12.8164 0 0.055436
12.8241 0 0.055436
12.832 0 0.055436
12.84 0 0.055436
12.848 0 0.055436
12.8485 0 0.055436
12.858 0 0.055436
12.8586 0 0.055436
12.8858 0 0.055436
12.8861 0 0.055436
12.8962 0 0.055436
12.9041 0 0.055436
12.9121 0 0.055436
12.9284 0 0.055436
12.9291 0 0.055436
13.024 0 0.055436
13.029 0 0.055436
13.1332 0 0.055436
13.1422 0 0.055436
13.1442 0 0.055436
13.1522 0 0.055436
13.157 0 0.055436
13.1681 0 0.055436
13.1975 0 0.055436
13.2615 0 0.055436
13.3601 0 0.055436
13.3781 0 0.055436
13.3841 0 0.055436
13.3971 0 0.055436
13.4051 0 0.055436
13.4055 0 0.055436
13.4083 0 0.055436
13.4161 0 0.055436
13.4164 0 0.055436
13.4244 0 0.055436
13.4326 0 0.055436
13.433 0 0.055436
13.4375 0 0.055436
13.4782 0 0.055436
13.4788 0 0.055436
13.5027 0 0.055436
13.5032 0 0.055436
13.5705 0 0.055436
13.5708 0 0.055436
13.5761 0 0.055436
13.6905 0 0.055436
13.7304 0 0.055436
13.7309 0 0.055436
13.7651 0 0.055436
13.7922 0 0.055436
13.8982 0 0.055436
13.9045 0 0.055436
13.9171 0 0.055436
13.9301 0 0.055436
13.9363 0 0.055436
13.9492 0 0.055436
13.9632 0 0.055436
13.9712 0 0.055436
13.9821 0 0.055436
13.9942 0 0.055436
14.0482 0 0.055436
14.0805 0 0.055436
14.0883 0 0.055436
14.0945 0 0.055436
14.0982 0 0.055436
14.1011 0 0.055436
14.1041 0 0.055436
14.112 0 0.055436
14.1171 0 0.055436
14.1203 0 0.055436
14.1251 0 0.055436
14.1285 0 0.055436
14.1361 0 0.055436
14.1441 0 0.055436
14.1525 0 0.055436
14.1528 0 0.055436
14.1603 0 0.055436
14.1685 0 0.055436
14.2407 0 0.055436
15.2484 0 0.055436
15.3224 0 0.055436
15.3497 0 0.055436
15.3544 0 0.055436
15.3609 0 0.055436
15.3685 0 0.055436
15.3764 0 0.055436
15.3813 0 0.055436
15.3846 0 0.055436
15.4025 0 0.055436
15.4032 0 0.055436
15.4374 0 0.055436
15.5145 0 0.055436
15.5683 0 0.055436
15.729 0 0.055436
15.7336 0 0.055436
15.7365 0 0.055436
15.7464 0 0.055436
15.7603 0 0.055436
15.7683 0 0.055436
15.7744 0 0.055436
15.7766 0 0.055436
15.7816 0 0.055436
15.7845 0 0.055436
15.7923 0 0.055436
15.8005 0 0.055436
15.8055 0 0.055436
15.8087 0 0.055436
15.8134 0 0.055436
15.8217 0 0.055436
15.8294 0 0.055436
15.838 0 0.055436
15.8409 0 0.055436
15.8483 0 0.055436
15.8812 0 0.055436
15.9735 0 0.055436
15.9894 0 0.055436
15.9984 0 0.055436
16.0009 0 0.055436
16.0084 0 0.055436
16.0164 0 0.055436
16.0331 0 0.055436
16.0377 0 0.055436
16.0455 0 0.055436
16.0563 0 0.055436
16.0646 0 0.055436
16.0724 0 0.055436
16.0886 0 0.055436
16.1288 0 0.055436
16.1367 0 0.055436
16.1608 0 0.055436
16.1826 0 0.055436
16.2055 0 0.055436
16.3685 0 0.055436
16.6376 0 0.055436
16.6699 0 0.055436
16.6732 0 0.055436
16.6855 0 0.055436
16.6936 0 0.055436
16.7175 0 0.055436
16.8087 0 0.055436
16.9445 0 0.055436
17.0409 0 0.055436
17.0617 0 0.055436
17.0889 0 0.055436
17.1099 0 0.055436
17.1262 0 0.055436
17.1415 0 0.055436
17.1609 0 0.055436
17.2225 0 0.055436
17.2566 0 0.055436
17.2776 0 0.055436
17.2857 0 0.055436
17.3416 0 0.055436
17.4249 0 0.055436
17.4299 0 0.055436
17.4491 0 0.055436
17.4936 0 0.055436
17.5577 0 0.055436
17.5897 0 0.055436
19.1614 0 0.055436
19.3772 0 0.055436
19.422 0 0.055436
19.4492 0 0.055436
19.8429 0 0.055436
19.8571 0 0.055436
19.8703 0 0.055436
19.873 0 0.055436
19.8941 0 0.055436
19.9179 0 0.055436
19.9371 0 0.055436
19.9469 0 0.055436
19.9501 0 0.055436
19.9532 0 0.055436
19.961 0 0.055436
19.9712 0 0.055436
19.9769 0 0.055436
19.985 0 0.055436
19.995 0 0.055436
19.998 0 0.055436
20.0011 0 0.055436
20.0089 0 0.055436
20.0189 0 0.055436
20.0335 0 0.055436
20.0434 0 0.055436
20.0459 0 0.055436
20.0511 0 0.055436
20.0543 0 0.055436
20.0568 0 0.055436
20.0652 0 0.055436
20.0701 0 0.055436
20.0753 0 0.055436
20.0756 0 0.055436
20.0814 0 0.055436
20.0943 0 0.055436
20.0946 0 0.055436
20.0989 0 0.055436
20.1021 0 0.055436
20.1179 0 0.055436
20.1617 0 0.055436
20.2064 0 0.055436
20.2193 0 0.055436
20.225 0 0.055436
20.233 0 0.055436
20.246 0 0.055436
20.2541 0 0.055436
20.2621 0 0.055436
20.2781 0 0.055436
20.2891 0 0.055436
20.2989 0 0.055436
20.3051 0 0.055436
20.3133 0 0.055436
20.3231 0 0.055436
20.337 0 0.055436
20.3422 0 0.055436
20.3426 0 0.055436
20.3472 0 0.055436
20.3501 0 0.055436
20.354 0 0.055436
20.361 0 0.055436
20.3661 0 0.055436
20.3711 0 0.055436
20.3771 0 0.055436
20.3857 0 0.055436
20.386 0 0.055436
20.3905 0 0.055436
20.3931 0 0.055436
20.3983 0 0.055436
20.4091 0 0.055436
20.4813 0 0.055436
20.875 0 0.055436
20.8812 0 0.055436
20.894 0 0.055436
21.1212 0 0.055436
21.1531 0 0.055436
21.1582 0 0.055436
21.1632 0 0.055436
21.169 0 0.055436
21.1822 0 0.055436
21.1931 0 0.055436
21.2062 0 0.055436
21.2065 0 0.055436
21.2112 0 0.055436
21.2172 0 0.055436
21.2336 0 0.055436
21.2581 0 0.055436
21.3376 0 0.055436
21.3425 0 0.055436
21.3432 0 0.055436
21.3454 0 0.055436
21.3532 0 0.055436
21.3534 0 0.055436
21.3581 0 0.055436
21.3613 0 0.055436
21.3662 0 0.055436
21.3695 0 0.055436
21.3772 0 0.055436
21.3775 0 0.055436
21.3853 0 0.055436
21.3953 0 0.055436
21.3965 0 0.055436
21.402 0 0.055436
21.4023 0 0.055436
21.4096 0 0.055436
21.5455 0 0.055436
22.2384 0 0.055436
22.2494 0 0.055436
22.2654 0 0.055436
22.2813 0 0.055436
22.2913 0 0.055436
22.3054 0 0.055436
22.3107 0 0.055436
22.3216 0 0.055436
22.3348 0 0.055436
22.3377 0 0.055436
22.3457 0 0.055436
22.3535 0 0.055436
22.3664 0 0.055436
22.3824 0 0.055436
22.3906 0 0.055436
22.4015 0 0.055436
22.4098 0 0.055436
22.4145 0 0.055436
22.4175 0 0.055436
22.4357 0 0.055436
22.4495 0 0.055436
22.4553 0 0.055436
22.4756 0 0.055436
22.5618 0 0.055436
23.0816 0 0.055436
23.2017 0 0.055436
23.3461 0 0.055436
23.4466 0 0.055436
23.7295 0 0.055436
23.7456 0 0.055436
23.7535 0 0.055436
23.7615 0 0.055436
23.7695 0 0.055436
23.7774 0 0.055436
23.7906 0 0.055436
23.8019 0 0.055436
23.8146 0 0.055436
23.8225 0 0.055436
23.8415 0 0.055436
23.8496 0 0.055436
23.8581 0 0.055436
23.8584 0 0.055436
23.8654 0 0.055436
23.8659 0 0.055436
23.8736 0 0.055436
23.8745 0 0.055436
23.8749 0 0.055436
23.8821 0 0.055436
23.8824 0 0.055436
23.8827 0 0.055436
23.8866 0 0.055436
23.8872 0 0.055436
23.8899 0 0.055436
23.8902 0 0.055436
23.8904 0 0.055436
23.8943 0 0.055436
23.8949 0 0.055436
23.8963 0 0.055436
23.8979 0 0.055436
23.8988 0 0.055436
23.9055 0 0.055436
23.9064 0 0.055436
23.9071 0 0.055436
23.9105 0 0.055436
23.9136 0 0.055436
23.9145 0 0.055436
23.915 0 0.055436
23.9188 0 0.055436
23.9191 0 0.055436
23.9238 0 0.055436
23.9296 0 0.055436
23.9313 0 0.055436
23.9398 0 0.055436
23.9403 0 0.055436
23.9457 0 0.055436
23.9534 0 0.055436
23.9856 0 0.055436
24.1276 0 0.055436
24.2105 0 0.055436
24.2178 0 0.055436
24.2306 0 0.055436
24.2335 0 0.055436
24.2548 0 0.055436
24.2917 0 0.055436
24.3345 0 0.055436
24.3456 0 0.055436
24.3695 0 0.055436
24.4065 0 0.055436
24.4499 0 0.055436
24.4656 0 0.055436
24.5698 0 0.055436
24.5779 0 0.055436
24.5855 0 0.055436
24.5936 0 0.055436
24.6067 0 0.055436
24.6227 0 0.055436
24.8036 0 0.055436
24.8497 0 0.055436
25.0737 0 0.055436
25.1108 0 0.055436
25.4709 0 0.055436
25.7519 0 0.055436
26.1858 0 0.055436
26.1997 0 0.055436
26.2068 0 0.055436
26.218 0 0.055436
26.2309 0 0.055436
26.234 0 0.055436
26.2421 0 0.055436
26.2467 0 0.055436
26.255 0 0.055436
26.2579 0 0.055436
26.2791 0 0.055436
26.5511 0 0.055436
26.562 0 0.055436
26.575 0 0.055436
26.6102 0 0.055436
26.6316 0 0.055436
27.0423 0 0.055436
27.3679 0 0.055436
28.258 0 0.055436
28.266 0 0.055436
28.2743 0 0.055436
28.2821 0 0.055436
28.29 0 0.055436
28.3004 0 0.055436
28.314 0 0.055436
28.319 0 0.055436
28.3254 0 0.055436
28.4505 0 0.055436
28.458 0 0.055436
28.4791 0 0.055436
28.4952 0 0.055436
28.5222 0 0.055436
28.559 0 0.0755779
28.5622 0 0.0957198
28.5674 0 0.148089
28.575 0 0.172259
28.578 0 0.224628
28.586 0 0.297139
28.594 0 0.365621
28.6041 0 0.413962
28.6101 0 0.478416
28.6181 0 0.5187
28.6231 0 0.587182
28.6311 0 0.639551
28.634 0 0.659693
28.639 0 0.724147
28.642 0 0.740261
28.6473 0 0.756374
28.6507 0 0.772488
28.6511 0 0.772488
28.6552 0 0.79263
28.6581 0 0.849027
28.6662 0 0.865141
28.6711 0 0.885283
28.6743 0 0.901396
28.679 0 0.91751
28.6872 0 0.933623
28.6951 0 0.949737
28.6956 0 0.949737
28.703 0 0.96585
28.7034 0 0.96585
28.7144 0 0.981964
28.7545 0 0.981964
28.7671 0 1
28.7675 0 1
28.8791 0 1
28.9032 0 1
28.9301 0 0.981964
28.9382 0 0.969879
28.9432 0 0.953765
28.951 0 0.937652
28.9595 0 0.921538
28.9623 0 0.909453
28.9685 0 0.897368
28.9703 0 0.881254
28.978 0 0.865141
28.9862 0 0.844999
28.9914 0 0.828885
28.9944 0 0.808743
28.9992 0 0.788602
28.9999 0 0.788602
29.0072 0 0.76846
29.0103 0 0.756374
29.015 0 0.736233
29.0156 0 0.736233
29.0183 0 0.720119
29.0231 0 0.66775
29.0313 0 0.647608
29.0342 0 0.627466
29.0392 0 0.615381
29.0503 0 0.558984
29.0582 0 0.538842
29.0635 0 0.490501
29.0711 0 0.474388
29.0792 0 0.454246
29.0873 0 0.438132
29.0952 0 0.422019
29.1031 0 0.405905
29.1062 0 0.389792
29.1113 0 0.389792
29.1144 0 0.373678
29.119 0 0.361593
29.1194 0 0.361593
29.122 0 0.341451
29.1272 0 0.341451
29.1303 0 0.293111
29.1431 0 0.281025
29.1466 0 0.264912
29.1516 0 0.248798
29.1593 0 0.228656
29.1673 0 0.212543
29.1754 0 0.200458
29.1832 0 0.200458
29.2185 0 0.188373
29.2233 0 0.188373
29.2262 0 0.188373
29.2313 0 0.168231
29.2317 0 0.168231
29.2343 0 0.156146
29.2347 0 0.156146
29.2391 0 0.140032
29.2422 0 0.140032
29.2473 0 0.11989
29.2502 0 0.11989
29.255 0 0.11989
29.2585 0 0.103777
29.2596 0 0.103777
29.2634 0 0.103777
29.2661 0 0.103777
29.2713 0 0.103777
29.2743 0 0.103777
29.2795 0 0.103777
29.2873 0 0.103777
29.2905 0 0.103777
29.2952 0 0.103777
29.3031 0 0.103777
29.3142 0 0.0916915
29.3152 0 0.0916915
29.3221 0 0.0916915
29.3273 0 0.0916915
29.3303 0 0.0916915
29.3674 0 0.0916915
29.6078 0 0.0916915
29.6345 0 0.0916915
29.6874 0 0.0916915
29.7065 0 0.0916915
29.7114 0 0.0916915
29.7194 0 0.0916915
29.723 0 0.0916915
29.7306 0 0.0916915
29.7384 0 0.0916915
29.7464 0 0.0916915
29.7543 0 0.0916915
29.7628 0 0.0916915
29.9113 0 0.115862
29.9144 0 0.184344
29.9192 0 0.184344
29.9225 0 0.285054
29.9304 0 0.357565
29.9383 0 0.426047
29.9464 0 0.478416
29.9544 0 0.563012
29.9622 0 0.635523
29.9707 0 0.716091
29.9839 0 0.772488
29.9845 0 0.772488
29.9914 0 0.79263
29.9951 0 0.832914
29.9992 0 0.832914
30.0023 0 0.869169
30.0101 0 0.921538
30.0186 0 0.937652
30.0264 0 1
30.1872 0 1
30.2505 0 1
30.2956 0 1
30.9757 0 1
31.0667 0 1
31.1467 0 1
31.1787 0 1
31.2187 0 1
31.2404 0 1
31.2554 0 1
31.2664 0 1
31.2745 0 1
31.2906 0 1
31.3196 0 1
31.4078 0 1
33.5148 0 1
34.2164 0 1
34.5599 0 1
34.6829 0 1
34.6881 0 1
34.6911 0 1
34.6959 0 1
34.7069 0 0.804715
34.7073 0 0.804715
34.7121 0 0.200458
34.7152 0 -0.343374
34.7198 0 -0.0573587
34.7202 0 -0.0573587
34.7231 0 -0.0573587
34.731 0 -0.0573587
34.7389 0 -0.0573587
34.8432 0 -0.0573587
35.8803 0 -0.0573587
35.8833 0 -0.0573587
35.891 0 -0.0573587
35.9873 0 -0.0573587
36.2992 0 -0.0573587
36.3233 0 -0.0573587
36.3394 0 -0.0573587
36.3551 0 -0.0573587
36.3604 0 -0.0573587
36.3632 0 -0.0573587
36.369 0 -0.0573587
36.4004 0 -0.0573587
36.4643 0 -0.0573587
36.6191 0 -0.0573587
36.6832 0 -0.0573587
36.7122 0 -0.0573587
36.7281 0 -0.0573587
36.7791 0 -0.0573587
37.0678 0 -0.0573587
37.3957 0 -0.0573587
37.8328 0 -0.0573587
37.8564 0 -0.0573587
37.8646 0 -0.0573587
37.8672 0 -0.0573587
37.8725 0 -0.0573587
37.8836 0 -0.0573587
37.8891 0 -0.0573587
37.8927 0 -0.0573587
37.8993 0 -0.0573587
37.9073 0 -0.0573587
37.9129 0 -0.0573587
37.9155 0 -0.0573587
37.9203 0 -0.0573587
37.9233 0 -0.0573587
37.9283 0 -0.0573587
37.9313 0 -0.0573587
37.9367 0 -0.0573587
37.9452 0 -0.0573587
37.9476 0 -0.0573587
37.9524 0 -0.0573587
37.9553 0 -0.0573587
37.9605 0 -0.0573587
37.9634 0 -0.0573587
37.9687 0 -0.0573587
37.9719 0 -0.0573587
37.9792 0 -0.0573587
37.9924 0 -0.0573587
38.0195 0 -0.0573587
38.1876 0 -0.0573587
38.2246 0 -0.0573587
38.2676 0 -0.0573587
38.2808 0 -0.0573587
38.29 0 -0.0573587
38.3158 0 -0.0573587
38.3767 0 -0.0573587
38.3956 0 -0.0573587
38.4085 0 -0.0573587
38.4243 0 -0.0573587
38.4577 0 -0.0573587
38.4726 0 -0.0573587
38.4755 0 -0.0573587
38.4915 0 -0.0573587
38.5363 0 -0.0573587
38.5639 0 -0.0573587
38.5845 0 -0.0573587
39.2813 0 -0
40.9294 0 -0
42.8572 0 -0
42.865 0 -0
42.8811 0 -0
42.889 0 -0
42.8941 0 -0
42.8999 0 -0
42.9103 0 -0
42.9159 0 -0
42.924 0 -0
42.9289 0 -0
42.934 0 -0
42.9399 0 -0
42.9481 0 -0
42.9532 0 -0
42.9582 0 -0
42.9612 0 -0
42.9641 0 -0
43.228 0 -0
43.236 0 -0
43.26 0 -0
43.2606 0 -0
43.2651 0 -0
43.2682 0 -0
43.273 0 -0
43.2735 0 -0
43.276 0 -0
43.2812 0 -0
43.2894 0 -0
43.3002 0 -0
43.3052 0 -0
43.3081 0 -0
43.3132 0 -0
43.3161 0 -0
43.3167 0 -0
43.3211 0 -0
43.324 0 -0
43.329 0 -0
43.332 0 -0
43.337 0 -0
43.3401 0 -0
43.3451 0 -0
43.876 0 -0
45.1133 0 -0
45.1164 0 -0
45.1241 0 -0
45.1322 0 -0
45.1407 0 -0
45.1481 0 -0
45.1538 0 -0
45.1614 0 -0
45.1643 0 -0
45.1722 0 -0
45.1783 0 -0
45.1805 0 -0
45.1854 0 -0
45.1966 0 -0
45.2044 0 -0
45.2121 0 -0
45.2202 0 -0
45.2282 0 -0
45.2362 0 -0
45.2501 0 -0
45.2603 0 -0
45.2654 0 -0
45.2816 0 -0
45.2844 0 -0
45.2942 0 -0
45.2973 0 -0
45.3002 0 -0
45.3132 0 -0
45.3323 0 -0
45.4523 0 -0
45.9645 0 -0
46.7331 0 -0
47.0285 0 -0
47.1085 0 -0
47.1136 0 -0
47.119 0 -0
47.1244 0 -0
47.1485 0 -0
47.1645 0 -0
47.1806 0 -0
47.2369 0 -0
47.6131 0 -0
47.6529 0 -0
47.6656 0 -0
47.6847 0 -0
47.7571 0 -0
47.8366 0 -0
47.8706 0 -0
47.9488 0 -0
48.0208 0 -0
49.731 0 -0
50.0549 0 -0
56.3676 0 -0
56.427 0 -0
56.4621 0 -0
56.5788 0 -0
56.6381 0 -0
56.6557 0 -0
56.6702 0 -0
56.6939 0 -0
56.7661 0 -0
56.7951 0 -0
56.8155 0 -0
56.8219 0 -0
56.83 0 -0
56.8377 0 -0
56.8622 0 -0
56.8938 0 -0
57.0218 0 -0
57.1099 0 -0
57.134 0 -0
57.1478 0 -0
57.174 0 -0
57.2701 0 -0
57.2778 0 -0
57.2842 0 -0
57.2848 0 -0
57.2862 0 -0
57.2939 0 -0
57.2941 0 -0
57.2987 0 -0
57.3018 0 -0
57.3099 0 -0
57.3105 0 -0
57.3149 0 -0
57.3198 0 -0
57.3229 0 -0
57.3233 0 -0
57.3259 0 -0
57.3323 0 -0
57.3329 0 -0
57.3344 0 -0
57.3348 0 -0
57.3352 0 -0
57.342 0 -0
57.343 0 -0
57.3468 0 -0
57.3519 0 -0
57.3522 0 -0
57.5179 0 -0
57.531 0 -0.0533303
57.5418 0 -0.0734722
57.5922 0 -0.20238
57.5981 0 -0.214466
57.6161 0 -0.246693
57.622 0 -0.27892
57.6379 0 -0.359487
57.6459 0 -0.431998
57.6462 0 -0.431998
57.6522 0 -0.528679
57.6547 0 -0.540764
57.6551 0 -0.540764
57.659 0 -0.633417
57.6596 0 -0.633417
57.6622 0 -0.633417
57.6667 0 -0.653559
57.6699 0 -0.730098
57.6703 0 -0.730098
57.678 0 -0.810666
57.6883 0 -0.87512
57.6886 0 -0.87512
57.6909 0 -0.87512
57.694 0 -0.895262
57.6989 0 -0.911376
57.6998 0 -0.911376
57.7018 0 -0.931517
57.7098 0 -1
57.7182 0 -1
57.7262 0 -1
57.739 0 -1
58.0221 0 -1
58.035 0 -1
58.0541 0 -1
58.3019 0 -1
58.3282 0 -1
58.798 0 -1
58.982 0 -1
58.9985 0 -1
59.0083 0 -1
59.0223 0 -1
59.0381 0 -1
59.0544 0 -1
59.0622 0 -1
59.0994 0 -1
59.2621 0 -1
59.2703 0 -1
59.286 0 -1
59.2947 0 -1
59.3313 0 -1
62.4515 0 -1
62.8035 0 -1
62.8275 0 -1
63.0737 0 -1
63.0771 0 -1
63.0916 0 -1
63.0996 0 -1
63.1158 0 -1
63.1237 0 -1
63.1317 0 -1
63.1372 0 -1
63.1426 0 -1
63.1556 0 -1
63.1666 0 -1
63.1796 0 -1
63.1826 0 -1
63.1956 0 -1
63.201 0 -0.89929
63.2038 0 -0.818723
63.2065 0 -0.673701
63.2072 0 -0.673701
63.2149 0 -0.315175
63.2151 0 -0.315175
63.2195 0 -0.20238
63.2198 0 -0.20238
63.3958 0 -0.20238
63.407 0 -0.20238
63.9961 0 -0.20238
63.9964 0 -0.20238
64.0021 0 -0.20238
64.0069 0 -0.20238
64.0149 0 -0.20238
64.0151 0 -0.20238
64.0277 0 -0.20238
64.0392 0 -0.20238
64.0395 0 -0.20238
64.0517 0 -0.20238
64.0631 0 -0.20238
64.0948 0 -0.20238
64.1668 0 -0.20238
64.1989 0 -0.20238
64.2314 0 -0.20238
64.2317 0 -0.20238
64.2358 0 -0.20238
64.252 0 -0.20238
64.2598 0 -0.20238
64.2708 0 -0.20238
64.2839 0 -0.20238
64.2889 0 -0.20238
64.2917 0 -0.20238
64.2999 0 -0.20238
64.3029 0 -0.20238
64.3077 0 -0.20238
64.3591 0 -0.20238
64.3959 0 -0.20238
64.4069 0 -0.20238
64.4149 0 -0.20238
64.4197 0 -0.20238
64.4311 0 -0.20238
64.441 0 -0.20238
64.4469 0 -0.20238
64.455 0 -0.20238
64.4561 0 -0.20238
64.46 0 -0.20238
64.463 0 -0.20238
64.4676 0 -0.20238
64.4727 0 -0.20238
64.4769 0 -0.20238
64.4789 0 -0.20238
64.4872 0 -0.20238
64.4918 0 -0.20238
64.5 0 -0.20238
64.5112 0 -0.20238
64.5211 0 -0.20238
64.5288 0 -0.20238
64.5748 0 -0.20238
64.5799 0 -0.20238
64.5835 0 -0.20238
64.5881 0 -0.20238
64.5913 0 -0.20238
64.5957 0 -0.20238
64.5963 0 -0.20238
64.5989 0 -0.20238
64.5994 0 -0.20238
65.1399 0 -0.20238
65.1509 0 -0.20238
65.1638 0 -0.20238
65.167 0 -0.20238
65.188 0 -0.20238
65.2039 0 -0.20238
65.2148 0 -0.20238
65.2278 0 -0.20238
65.2358 0 -0.20238
65.2392 0 -0.20238
65.276 0 -0.20238
65.3319 0 -0.20238
65.3592 0 -0.20238
65.3691 0 -0.20238
65.375 0 -0.20238
65.383 0 -0.20238
65.4013 0 -0.20238
65.4204 0 -0.20238
65.4282 0 -0.20238
65.4554 0 -0.20238
65.4605 0 -0.20238
65.4681 0 -0.20238
65.4758 0 -0.20238
65.4842 0 -0.20238
65.4921 0 -0.20238
65.503 0 -0.20238
65.5111 0 -0.20238
65.5189 0 -0.20238
65.5408 0 -0.20238
65.557 0 -0.20238
65.5669 0 -0.20238
65.573 0 -0.20238
65.5851 0 -0.20238
65.5911 0 -0.20238
65.604 0 -0.20238
65.615 0 -0.20238
65.6473 0 -0.20238
65.6792 0 -0.20238
65.6949 0 -0.20238
65.7119 0 -0.20238
65.7351 0 -0.20238
65.7431 0 -0.20238
65.756 0 -0.20238
65.7851 0 -0.20238
65.8519 0 -0.20238
65.8601 0 -0.20238
65.8895 0 -0.20238
66.9323 1 -0.20238
67.0285 1 -0.20238
67.3594 1 -0.20238
67.3751 1 -0.20238
67.3914 1 -0.20238
67.4124 1 -0.20238
67.4472 1 -0.20238
67.4692 1 -0.20238
67.5352 1 -0.20238
68.8315 1 -0.20238
69.4319 1 -0.20238
69.4397 1 -0.20238
69.4496 1 -0.20238
69.4639 1 -0.20238
69.4796 1 -0.20238
70.2046 1 -0.20238
70.3437 1 -0.20238
70.3915 1 -0.20238
70.3997 1 -0.20238
70.4339 1 -0.20238
70.6693 1 -0.20238
70.6931 1 -0.20238
70.7035 1 -0.20238
70.7361 1 -0.20238
70.7938 1 -0.20238
70.8211 1 -0.20238
70.8417 1 -0.20238
70.8718 1 -0.20238
70.8877 1 -0.20238
70.9057 1 -0.20238
70.9061 1 -0.20238
70.9388 1 -0.20238
70.9392 1 -0.20238
70.957 1 -0.20238
70.9756 1 -0.20238
71.8077 1 -0.20238
71.8318 1 -0.20238
71.9469 1 -0.20238
72.253 1 -0.20238
72.5201 1 -0.20238
72.5599 1 -0.20238
72.6691 1 -0.20238
73.266 1 -0.20238
73.2722 1 -0.20238
73.288 1 -0.20238
73.301 1 -0.20238
73.3092 1 -0.20238
73.3169 1 -0.20238
73.3206 1 -0.20238
73.3279 1 -0.20238
73.3359 1 -0.20238
73.341 1 -0.20238
73.3441 1 -0.20238
73.3489 1 -0.20238
73.3521 1 -0.20238
73.3571 1 -0.20238
73.3602 1 -0.20238
73.3652 1 -0.20238
73.3681 1 -0.20238
73.3729 1 -0.20238
73.4661 1 -0.20238
73.482 1 -0.20238
73.4883 1 -0.20238
73.496 1 -0.20238
73.5015 1 -0.20238
73.5092 1 -0.20238
73.52 1 -0.20238
73.5329 1 -0.20238
73.546 1 -0.20238
73.5523 1 -0.20238
73.5601 1 -0.20238
73.5702 1 -0.20238
73.5735 1 -0.20238
73.5762 1 -0.20238
73.581 1 -0.20238
73.5842 1 -0.20238
73.5889 1 -0.20238
73.5971 1 -0.20238
73.5999 1 -0.20238
73.6004 1 -0.20238
73.6085 1 -0.20238
73.6096 1 -0.20238
73.616 1 -0.20238
73.6165 1 -0.20238
73.621 1 -0.20238
73.6239 1 -0.20238
73.6243 1 -0.20238
73.6319 1 -0.20238
73.9731 1 -0.20238
75.5743 1 -0.20238
75.6182 1 -0.20238
75.6242 1 -0.20238
75.6374 1 -0.20238
75.6452 1 -0.20238
75.6562 1 -0.20238
75.6621 1 -0.20238
75.6644 1 -0.20238
75.6743 1 -0.20238
75.6806 1 -0.20238
75.6883 1 -0.20238
75.6933 1 -0.20238
75.7049 1 -0.20238
75.7093 1 -0.20238
75.7284 1 -0.20238
75.7397 1 -0.20238
75.7464 1 -0.20238
75.7603 1 -0.20238
75.7843 1 -0.20238
75.8111 1 -0.20238
75.8614 1 -0.20238
75.8806 1 -0.20238
76.0134 1 -0.20238
76.2484 1 -0.20238
76.3849 1 -0.20238
76.4087 1 -0.20238
76.5094 1 -0.20238
76.6008 1 -0.20238
77.3235 1 -0.20238
77.3445 1 -0.20238
77.4409 1 -0.20238
77.4565 1 -0.20238
77.5287 1 -0.20238
77.5367 1 -0.20238
77.5527 1 -0.20238
77.5612 1 -0.20238
77.5817 1 -0.20238
77.9764 1 -0.20238
81.6141 1 -0.20238
84.3349 1 -0.20238
84.4657 1 -0.20238
84.4736 1 -0.20238
84.5296 1 -0.20238
84.6387 1 -0.20238
84.8157 1 -0.20238
84.9055 1 -0.20238
84.9295 1 -0.20238
84.93 1 -0.20238
84.9375 1 -0.20238
84.9431 1 -0.20238
84.9456 1 -0.20238
84.9746 1 -0.20238
84.9909 1 -0.20238
85.0038 1 -0.20238
85.0095 1 -0.20238
85.0175 1 -0.20238
85.1106 1 -0.20238
85.1216 1 -0.20238
85.1316 1 -0.20238
85.1376 1 -0.20238
85.1425 1 -0.20238
85.1461 1 -0.20238
85.1534 1 -0.20238
85.1601 1 -0.20238
85.1666 1 -0.20238
85.1705 1 -0.20238
85.1744 1 -0.20238
85.1827 1 -0.20238
85.186 1 -0.20238
85.1908 1 -0.20238
85.194 1 -0.20238
85.1986 1 -0.20238
85.2015 1 -0.20238
85.2095 1 -0.20238
85.2177 1 -0.20238
85.2227 1 -0.20238
85.2305 1 -0.20238
85.2384 1 -0.20238
85.2495 1 -0.20238
85.2547 1 -0.20238
85.4065 1 -0.20238
85.4738 1 -0.20238
85.4976 1 -0.20238
85.5057 1 -0.20238
85.5218 1 -0.20238
85.5265 1 -0.20238
85.5344 1 -0.20238
85.5696 1 -0.20238
85.5775 1 -0.20238
85.6276 1 -0.20238
85.6282 1 -0.20238
85.6337 1 -0.20238
85.6416 1 -0.20238
85.6515 1 -0.20238
85.6547 1 -0.20238
85.6677 1 -0.20238
85.6737 1 -0.20238
85.6743 1 -0.20238
85.6817 1 -0.20238
85.6895 1 -0.20238
85.6945 1 -0.20238
85.6978 1 -0.20238
85.7075 1 -0.20238
85.7156 1 -0.20238
85.7265 1 -0.20238
86.0071 1 -0.20238
87.4501 1 -0.20238
87.4629 1 -0.20238
87.4709 1 -0.20238
87.4762 1 -0.20238
87.4788 1 -0.20238
87.4818 1 -0.20238
87.4902 1 -0.20238
87.4947 1 -0.20238
87.4953 1 -0.20238
87.5005 1 -0.20238
87.501 1 -0.20238
87.5032 1 -0.20238
87.5137 1 -0.20238
87.5142 1 -0.20238
87.5187 1 -0.20238
87.5381 1 -0.20238
87.5513 1 -0.20238
87.5543 1 -0.20238
87.5624 1 -0.20238
87.5717 1 -0.20238
87.5748 1 -0.20238
87.578 1 -0.20238
87.5858 1 -0.20238
87.5939 1 -0.20238
87.5946 1 -0.20238
87.6021 1 -0.20238
87.6098 1 -0.20238
87.6179 1 -0.20238
87.6391 1 -0.20238
87.7379 1 -0.20238
87.743 1 -0.20238
87.746 1 -0.20238
87.7513 1 -0.20238
87.754 1 -0.20238
87.7545 1 -0.20238
87.7589 1 -0.20238
87.762 1 -0.20238
87.7668 1 -0.20238
87.7942 1 -0.20238
87.799 1 -0.20238
87.8021 1 -0.20238
87.8071 1 -0.20238
87.8099 1 -0.20238
87.8156 1 -0.20238
87.8181 1 -0.20238
87.8228 1 -0.20238
87.8308 1 -0.20238
87.839 1 -0.20238
87.8468 1 -0.20238
87.8741 1 -0.20238
87.9625 1 -0.20238
87.9949 1 -0.20238
87.9954 1 -0.20238
87.9956 1 -0.20238
87.9977 1 -0.20238
88.004 1 -0.20238
88.0055 1 -0.20238
88.0079 1 -0.20238
88.0101 1 -0.20238
88.0152 1 -0.20238
88.0156 1 -0.20238
88.023 1 -0.20238
88.0233 1 -0.20238
88.0262 1 -0.20238
88.0358 1 -0.20238
88.0361 1 -0.20238
88.0393 1 -0.20238
88.0427 1 -0.20238
88.0468 1 -0.20238
88.0581 1 -0.20238
88.0583 1 -0.20238
88.1545 1 -0.20238
88.1546 1 -0.20238
88.159 1 -0.20238
88.1618 1 -0.20238
88.1629 1 -0.20238
88.1751 1 -0.20238
88.1831 1 -0.20238
88.1918 1 -0.20238
88.1928 1 -0.20238
88.1946 1 -0.20238
88.1949 1 -0.20238
88.2071 1 -0.20238
88.2107 1 -0.20238
88.2109 1 -0.20238
88.2148 1 -0.20238
88.2181 1 -0.20238
88.2191 1 -0.20238
88.2227 1 -0.20238
88.2232 1 -0.20238
88.2262 1 -0.20238
88.2309 1 -0.20238
88.232 1 -0.20238
88.242 1 -0.20238
88.25 1 -0.20238
88.994 1 -0.20238
89.0022 1 -0.20238
89.0101 1 -0.20238
89.018 1 -0.20238
89.0263 1 -0.20238
89.0343 1 -0.20238
89.0421 1 -0.20238
89.0501 1 -0.20238
89.0661 1 -0.20238
89.0741 1 -0.20238
89.0902 1 -0.20238
89.0981 1 -0.20238
89.114 1 -0.20238
89.1221 1 -0.20238
89.1383 1 -0.20238
89.1672 1 -0.20238
89.17 1 -0.20238
89.1783 1 -0.20238
89.186 1 -0.20238
89.194 1 -0.20238
89.2259 1 -0.20238
89.2311 1 -0.20238
89.2501 1 -0.20238
89.2712 1 -0.20238
89.2744 1 -0.20238
89.2956 1 -0.20238
89.306 1 -0.20238
89.3222 1 -0.20238
89.3384 1 -0.20238
89.346 1 -0.20238
89.3545 1 -0.20238
89.3701 1 -0.20238
89.3863 1 -0.20238
89.41 1 -0.20238
89.4264 1 -0.20238
89.442 1 -0.20238
89.4502 1 -0.20238
89.4632 1 -0.20238
89.4906 1 -0.20238
89.5064 1 -0.20238
89.5352 1 -0.20238
89.5671 1 -0.20238
89.5701 1 -0.20238
89.5914 1 -0.20238
89.6107 1 -0.20238
89.618 1 -0.20238
89.6261 1 -0.20238
89.7817 1 -0.20238
91.2509 1 -0.20238
91.2607 1 -0.20238
91.2667 1 -0.20238
91.2672 1 -0.20238
91.2746 1 -0.20238
91.2752 1 -0.20238
91.5064 1 -0.20238
91.5278 1 -0.20238
91.8394 1 -0.20238
92.6874 1 -0.20238
92.7069 1 -0.20238
92.7387 1 -0.20238
92.7438 1 -0.20238
92.7465 1 -0.20238
92.7529 1 -0.20238
92.7547 1 -0.20238
92.76 1 -0.20238
92.7603 1 -0.20238
92.7649 1 -0.20238
92.7678 1 -0.20238
92.7706 1 -0.20238
92.7712 1 -0.20238
92.7787 1 -0.20238
92.7865 1 -0.20238
92.7875 1 -0.20238
92.795 1 -0.20238
92.7958 1 -0.20238
92.8028 1 -0.20238
92.8039 1 -0.20238
92.8109 1 -0.20238
92.8116 1 -0.20238
92.8189 1 -0.20238
92.8193 1 -0.20238
92.8264 1 -0.20238
92.8314 1 -0.20238
92.8344 1 -0.20238
92.8397 1 -0.20238
92.8407 1 -0.20238
92.8474 1 -0.20238
92.8635 1 -0.20238
92.8825 1 -0.20238
92.9311 1 -0.20238
92.9436 1 -0.20238
92.944 1 -0.20238
92.9487 1 -0.20238
92.9624 1 -0.20238
93.4746 1 -0.20238
93.4826 1 -0.20238
93.5487 1 -0.20238
93.5546 1 -0.20238
93.5727 1 -0.20238
93.5788 1 -0.20238
93.6106 1 -0.20238
93.6208 1 -0.20238
93.6237 1 -0.20238
93.6266 1 -0.20238
93.6272 1 -0.20238
93.6489 1 -0.20238
93.6527 1 -0.20238
93.6588 1 -0.20238
93.6685 1 -0.20238
93.6715 1 -0.20238
93.6744 1 -0.20238
93.6825 1 -0.20238
93.6876 1 -0.20238
93.693 1 -0.20238
93.6986 1 -0.20238
93.7115 1 -0.20238
93.795 1 -0.20238
93.8029 1 -0.20238
93.8077 1 -0.20238
93.8129 1 -0.20238
93.8166 1 -0.20238
93.8185 1 -0.20238
93.8285 1 -0.20238
93.8447 1 -0.20238
93.8881 1 -0.20238
93.9039 1 -0.20238
93.9166 1 -0.20238
93.9175 1 -0.20238
93.9238 1 -0.20238
93.9242 1 -0.20238
93.9305 1 -0.20238
93.931 1 -0.20238
93.9367 1 -0.20238
93.9387 1 -0.20238
93.9467 1 -0.20238
93.9547 1 -0.20238
93.96 1 -0.20238
93.9604 1 -0.20238
93.9627 1 -0.20238
93.9728 1 -0.20238
93.9788 1 -0.20238
93.9792 1 -0.20238
93.9919 1 -0.20238
94.0028 1 -0.20238
94.4562 1 -0.20238
95.5923 1 -0.20238
95.5969 1 -0.20238
95.5998 1 -0.20238
95.6029 1 -0.20238
95.6127 1 -0.20238
95.6189 1 -0.20238
95.6269 1 -0.20238
95.632 1 -0.20238
95.6369 1 -0.20238
95.6401 1 -0.20238
95.6429 1 -0.20238
95.6508 1 -0.20238
95.6558 1 -0.20238
95.6611 1 -0.20238
95.6668 1 -0.20238
95.6749 1 -0.20238
95.685 1 -0.20238
95.699 1 -0.20238
95.712 1 -0.20238
95.7285 1 -0.20238
95.7535 1 -0.20238
95.787 1 -0.20238
95.864 1 -0.20238
95.8831 1 -0.20238
95.904 1 -0.20238
95.9279 1 -0.20238
95.9331 1 -0.20238
95.9391 1 -0.20238
95.9553 1 -0.20238
95.9843 1 -0.20238
96.0002 1 -0.20238
96.0293 1 -0.20238
96.0592 1 -0.20238
96.0961 1 -0.20238
96.1551 1 -0.20238
101.793 1 -0.20238
102.436 1 -0.20238
102.444 1 -0.20238
102.452 1 -0.20238
102.46 1 -0.20238
102.465 1 -0.20238
102.481 1 -0.20238
102.484 1 -0.20238
102.489 1 -0.20238
102.492 1 -0.20238
102.5 1 -0.20238
102.505 1 -0.20238
102.508 1 -0.20238
102.516 1 -0.20238
102.524 1 -0.20238
102.532 1 -0.20238
102.542 1 -0.20238
102.546 1 -0.20238
102.548 1 -0.20238
102.556 1 -0.20238
102.564 1 -0.20238
102.564 1 -0.20238
102.569 1 -0.20238
102.569 1 -0.20238
102.572 1 -0.20238
102.572 1 -0.20238
102.58 1 -0.20238
102.58 1 -0.20238
102.585 1 -0.20238
102.588 1 -0.20238
102.596 1 -0.20238
102.601 1 -0.20238
102.604 1 -0.20238
102.612 1 -0.20238
102.612 1 -0.20238
102.62 1 -0.20238
102.625 1 -0.20238
102.628 1 -0.20238
102.644 1 -0.20238
102.902 1 -0.20238
104.53 1 -0.20238
104.534 1 -0.20238
104.537 1 -0.20238
104.54 1 -0.20238
104.548 1 -0.20238
104.553 1 -0.20238
104.561 1 -0.20238
104.569 1 -0.20238
104.577 1 -0.20238
104.588 1 -0.20238
104.601 1 -0.20238
104.601 1 -0.20238
104.606 1 -0.20238
104.607 1 -0.20238
104.612 1 -0.20238
104.612 1 -0.20238
104.62 1 -0.20238
104.621 1 -0.20238
104.625 1 -0.20238
104.631 1 -0.20238
104.636 1 -0.20238
104.649 1 -0.20238
104.66 1 -0.20238
104.668 1 -0.20238
104.679 1 -0.20238
104.694 1 -0.20238
104.724 1 -0.20238
104.726 1 -0.20238
104.732 1 -0.20238
104.742 1 -0.20238
104.745 1 -0.20238
104.756 1 -0.20238
104.769 1 -0.20238
104.79 1 -0.20238
104.796 1 -0.20238
104.804 1 -0.20238
104.841 1 -0.20238
105.244 1 -0.20238
105.249 1 -0.20238
105.252 1 -0.20238
105.262 1 -0.20238
105.273 1 -0.20238
105.297 1 -0.20238
105.308 1 -0.20238
105.324 1 -0.20238
105.329 1 -0.20238
105.33 1 -0.20238
105.345 1 -0.20238
105.354 1 -0.20238
105.37 1 -0.20238
105.374 1 -0.20238
105.38 1 -0.20238
105.393 1 -0.20238
105.415 1 -0.20238
105.437 1 -0.20238
105.445 1 -0.20238
105.492 1 -0.20238
105.525 1 -0.20238
105.561 1 -0.20238
105.572 1 -0.20238
105.577 1 -0.20238
105.596 1 -0.20238
105.612 1 -0.20238
105.62 1 -0.20238
105.625 1 -0.20238
105.633 1 -0.20238
105.641 1 -0.20238
105.644 1 -0.20238
105.652 1 -0.20238
105.668 1 -0.20238
105.684 1 -0.20238
105.705 1 -0.20238
105.724 1 -0.20238
105.748 1 -0.20238
105.772 1 -0.20238
105.785 1 -0.20238
105.842 1 -0.20238
105.899 1 -0.20238
105.916 1 -0.20238
105.933 1 -0.20238
105.949 1 -0.20238
106.244 1 -0.20238
106.783 1 -0.20238
108.036 1 -0.20238
108.061 1 -0.20238
108.085 1 -0.20238
108.093 1 -0.20238
108.097 1 -0.20238
108.103 1 -0.20238
108.107 1 -0.20238
108.108 1 -0.20238
108.122 1 -0.20238
108.13 1 -0.20238
108.165 1 -0.20238
108.205 1 -0.20238
108.221 1 -0.20238
108.237 1 -0.20238
108.261 1 -0.20238
108.293 1 -0.20238
108.315 1 -0.20238
108.315 1 -0.20238
108.322 1 -0.20238
108.323 1 -0.20238
108.325 1 -0.20238
108.329 1 -0.20238
108.337 1 -0.20238
108.354 1 -0.20238
108.357 1 -0.20238
108.362 1 -0.20238
108.369 1 -0.20238
108.375 1 -0.20238
108.381 1 -0.20238
108.389 1 -0.20238
108.39 1 -0.20238
108.423 1 -0.20238
108.466 1 -0.20238
108.469 1 -0.20238
108.474 1 -0.20238
108.482 1 -0.20238
108.49 1 -0.20238
108.498 1 -0.20238
108.508 1 -0.20238
108.517 1 -0.20238
108.554 1 -0.20238
108.555 1 -0.20238
108.589 1 -0.20238
108.605 1 -0.20238
108.613 1 -0.20238
108.621 1 -0.20238
108.628 1 -0.20238
108.634 1 -0.20238
108.679 1 -0.20238
108.714 1 -0.20238
108.759 1 -0.20238
108.762 1 -0.20238
108.778 1 -0.20238
108.938 1 -0.20238
108.981 1 -0.20238
109.09 1 -0.20238
109.106 1 -0.20238
109.117 1 -0.20238
109.122 1 -0.20238
109.125 1 -0.20238
109.125 1 -0.20238
109.13 1 -0.20238
109.133 1 -0.20238
109.138 1 -0.20238
109.141 1 -0.20238
109.148 1 -0.20238
109.149 1 -0.20238
109.158 1 -0.20238
109.158 1 -0.20238
109.162 1 -0.20238
109.163 1 -0.20238
109.173 1 -0.20238
109.173 1 -0.20238
109.189 1 -0.20238
109.197 1 -0.20238
109.205 1 -0.20238
109.226 1 -0.20238
109.234 1 -0.20238
109.242 1 -0.20238
109.253 1 -0.20238
109.261 1 -0.20238
109.458 1 -0.20238
109.477 1 -0.20238
109.482 1 -0.20238
109.485 1 -0.20238
109.49 1 -0.20238
109.493 1 -0.20238
109.501 1 -0.20238
109.509 1 -0.20238
109.53 1 -0.20238
109.781 1 -0.20238
109.789 1 -0.20238
109.794 1 -0.20238
109.797 1 -0.20238
109.802 1 -0.20238
109.805 1 -0.20238
109.81 1 -0.20238
109.813 1 -0.20238
109.818 1 -0.20238
109.821 1 -0.20238
109.826 1 -0.20238
110.386 1 -0.20238
110.413 1 -0.186267
110.414 1 -0.186267
110.434 1 -0.170153
110.501 1 -0.182239
110.53 1 -0.198352
110.581 1 -0.210437
110.626 1 -0.210437
110.626 1 -0.210437
110.634 1 -0.210437
110.635 1 -0.210437
110.642 1 -0.210437
110.65 1 -0.210437
110.653 1 -0.210437
110.661 1 -0.210437
110.813 1 -0.210437
110.877 1 -0.210437
110.909 1 -0.210437
111.101 1 -0.194324
111.117 0 -0.194324
111.25 0 -0.194324
111.262 0 -0.194324
111.298 0 -0.194324
111.314 0 -0.206409
111.317 0 -0.218494
111.338 0 -0.234607
111.341 0 -0.266835
111.354 0 -0.315175
111.357 0 -0.371572
111.365 0 -0.456168
111.378 0 -0.524651
111.381 0 -0.597162
111.389 0 -0.665644
111.397 0 -0.713985
111.405 0 -0.786496
111.413 0 -0.838865
111.421 0 -0.871092
111.429 0 -0.903319
111.437 0 -0.983886
111.445 0 -1
112.877 0 -1
112.906 0 -1
112.922 0 -1
112.927 0 -1
112.933 0 -1
112.941 0 -1
112.966 0 -0.82678
112.971 0 -0.568963
112.973 0 -0.319203
112.974 0 -0.319203
112.978 0 -0.319203
112.981 0 -0.117784
113.842 0 -0.117784
