0.118592 0 -0 1
0.126884 0 -0 1
0.134667 0 -0 1
0.598817 0 -0 1
0.981116 0 -0 1
1.00663 0 -0 1
1.34766 0 -0 1
1.35898 0 -0 1
1.35916 0 -0 1
1.36675 0 -0 1
1.37465 0 -0.0976425 1
1.38 0 -0.0976425 1
1.38784 0 -0.0976425 1
1.39109 0 -0.113756 1
1.39853 0 -0.133898 1
1.40343 0 -0.133898 1
1.40661 0 -0.186267 1
1.41455 0 -0.254749 1
1.41845 0 -0.254749 1
1.42017 0 -0.274891 1
1.42268 0 -0.295033 1
1.43088 0 -0.359487 1
1.43906 0 -0.42797 1
1.44673 0 -0.516594 1
1.45482 0 -0.60119 1
1.46283 0 -0.621332 1
1.47069 0 -0.669673 1
1.47589 0 -0.689815 1
1.47875 0 -0.705928 1
1.48394 0 -0.72607 1
1.4865 0 -0.778439 1
1.49455 0 -0.794553 1
1.49479 0 -0.794553 1
1.50254 0 -0.871092 1
1.51077 0 -0.923461 1
1.51571 0 -0.939574 1
1.5236 0 -0.991943 1
1.52668 0 -1 1
4.23141 0 -1 1
4.23628 0 -1 1
4.2389 0 -1 1
4.25197 0 -1 1
4.25521 0 -1 1
4.26325 0 -1 1
4.27602 0 -1 1
4.27909 0 -1 1
4.28707 0 -1 1
4.29506 0 -1 1
4.49506 0 -1 1
4.50018 0 -1 1
4.50331 0 -1 1
4.51598 0 -1 1
4.51896 0 -1 1
4.53219 0 -1 1
4.53537 0 -1 1
4.55631 0 -1 1
4.55908 0.156863 -1 0
4.56703 0.164706 -1 0
4.66842 0.168627 -1 0
4.71131 0.176471 -1 0
4.7562 0.180392 -1 0
4.7721 0.196078 -1 0
4.77534 0.203922 -1 0
4.78029 0.211765 -1 0
4.78318 0.219608 -1 0
4.79614 0.235294 -1 0
4.79931 0.258824 -1 0
4.82044 0.270588 -1 0
4.82365 0.27451 -1 0
4.84415 0.282353 -1 0
4.94813 0.286274 -1 0
4.99219 0.294118 -1 0
5.47724 0.298039 -1 0
5.74834 0.305882 -1 0
5.77567 0.313725 -1 0
5.85634 0.317647 -1 0
5.98057 0.32549 -1 0
6.0204 0.329412 -1 0
6.05249 0.337255 -1 0
6.13232 0.345098 -1 0
6.1513 0.34902 -1 0
6.189 0.356863 -1 0
6.21266 0.360784 -1 0
6.27673 0.368627 -1 0
6.36754 0.372549 -1 0
6.78042 0.380392 -1 0
6.84761 0.388235 -1 0
6.91611 0.392157 -1 0
7.00489 0.4 -1 0
7.01561 0.403922 -1 0
7.06109 0.411765 -1 0
7.64514 0.415686 -1 0
7.73561 0.423529 -1 0
7.94068 0.427451 -1 0
7.97539 0.435294 -1 0
8.12506 0.443137 -1 0
8.18356 0.447059 -1 0
8.20571 0.454902 -1 0
8.21277 0.462745 -1 0
8.29556 0.466667 -1 0
8.38891 0.47451 -1 0
9.13608 0.5 -1 0
12.4694 0.5 -1 0
12.6326 0.5 -1 0
12.6664 0.5 -1 0
12.6721 0.5 -1 0
12.6959 0.5 -1 0
12.7042 0.5 -1 0
12.7093 0.5 -1 0
12.7172 0.5 -1 0
12.7283 0.5 -1 0
12.7379 0.5 -1 0
12.7445 0.5 -1 0
12.7602 0.5 -1 0
12.7683 0.5 -1 0
12.7819 0.5 -0.995972 0
12.7824 0.5 -0.995972 0
12.7862 0.5 -0.97583 0
12.7923 0.5 -0.879149 0
12.8001 0.5 -0.814694 0
12.8082 0.5 -0.746212 0
12.8084 0.5 -0.746212 0
12.8133 0.5 -0.645502 0
12.8162 0.5 -0.62536 0
12.8164 0.5 -0.62536 0
12.8243 0.5 -0.544793 0
12.8321 0.5 -0.492424 0
12.8401 0.5 -0.419913 0
12.8482 0.5 -0.4038 0
12.8487 0.5 -0.4038 0
12.8582 0.5 -0.387686 0
12.8587 0.5 -0.387686 0
12.8852 0.5 -0.367544 0
12.886 0.5 -0.367544 0
12.8964 0.5 -0.351431 0
12.9043 0.5 -0.335317 0
12.9119 0.5 -0.319203 0
12.9289 0.5 -0.30309 0
12.9292 0.5 -0.30309 0
13.0241 0.5 -0.286976 0
13.0293 0.5 -0.286976 0
13.1334 0.470588 -0.286976 0
13.1415 0.462745 -0.286976 0
13.1444 0.454902 -0.286976 0
13.1524 0.431373 -0.286976 0
13.1572 0.431373 -0.286976 0
13.1683 0.415686 -0.286976 0
13.1977 0.407843 -0.286976 0
13.2613 0.407843 -0.286976 0
13.3603 0.407843 -0.286976 0
13.3783 0.4 -0.286976 0
13.3843 0.392157 -0.286976 0
13.3973 0.384314 -0.286976 0
13.4053 0.384314 -0.266835 0
13.4056 0.376471 -0.266835 0
13.4084 0.368627 -0.266835 0
13.4163 0.368627 -0.234607 0
13.4165 0.34902 -0.234607 0
13.4246 0.329412 -0.234607 0
13.4328 0.329412 -0.214466 0
13.4331 0.317647 -0.214466 0
13.4377 0.305882 -0.214466 0
13.4784 0.305882 -0.166125 0
13.479 0 -0.166125 0
13.5024 0 -0.150011 0
13.503 0 -0.150011 0
13.5706 0 -0.0855573 0
13.5709 0 -0.0855573 0
13.5763 0 -0.0694438 0
13.6907 0 -0 0
13.7306 0 -0 0
13.7307 0 -0 0
13.7653 0 -0 0
13.7924 0 0.103777 0
13.8984 0 0.54287 0
13.9048 0 0.558984 0
13.9173 0 0.623438 0
13.9303 0 0.708034 0
13.9365 0 0.744289 0
13.9494 0 0.796658 0
13.9621 0 0.8168 0
13.9714 0 0.873198 0
13.9823 0 0.889311 0
13.9944 0 0.921538 0
14.0484 0 0.921538 0
14.0807 0 0.905425 0
14.0885 0 0.828885 0
14.0943 0 0.772488 0
14.0984 0 0.752346 0
14.1013 0 0.659693 0
14.1043 0 0.599268 0
14.1122 0 0.526757 0
14.1173 0 0.506615 0
14.1204 0 0.41799 0
14.1253 0 0.397848 0
14.1281 0 0.329366 0
14.1363 0 0.313252 0
14.1443 0 0.24477 0
14.1527 0 0.224628 0
14.153 0 0.224628 0
14.1605 0 0.204486 0
14.1687 0 0.192401 0
14.2409 0 0.180316 0
15.2485 0 0.168231 0
15.3226 0 0.156146 0
15.3495 0 0.14406 0
15.3546 0 0.131975 0
15.3606 0 0.0836347 0
15.3686 0 0.0514076 0
15.3765 0 -0 0
15.3815 0 -0 0
15.3848 0 -0 0
15.4027 0 -0.109728 0
15.4033 0 -0.109728 0
15.4376 0 -0.121813 0
15.5149 0 -0.121813 0
15.5686 0 -0.133898 0
15.7285 0 -0.133898 0
15.7338 0 -0.133898 0
15.7367 0 -0.133898 0
15.7466 0 -0.133898 0
15.7606 0 -0.133898 0
15.7685 0 -0.133898 0
15.7746 0 -0.133898 0
15.7764 0 -0.133898 0
15.7818 0 -0.133898 0
15.7847 0 -0.133898 0
15.7925 0 -0.133898 0
15.8007 0 -0.133898 0
15.8057 0 -0.133898 0
15.8089 0 -0.133898 0
15.8136 0 -0.133898 0
15.8215 0 -0.133898 0
15.8296 0 -0.133898 0
15.8375 0 -0.133898 0
15.8411 0.152941 -0.133898 0
15.8485 0.160784 -0.133898 0
15.8807 0.164706 -0.133898 0
15.9737 0.172549 -0.133898 0
15.9896 0.180392 -0.133898 0
15.9986 0.188235 -0.133898 0
16.0011 0.196078 -0.133898 0
16.0086 0.2 -0.133898 0
16.0166 0.207843 -0.133898 0
16.0327 0.211765 -0.133898 0
16.0379 0.223529 -0.133898 0
16.0457 0.231373 -0.133898 0
16.0565 0.243137 -0.133898 0
16.0649 0.25098 -0.133898 0
16.0726 0.258824 -0.133898 0
16.0888 0.266667 -0.133898 0
16.1286 0.278431 -0.133898 0
16.1369 0.286274 -0.133898 0
16.161 0.294118 -0.133898 0
16.1827 0.298039 -0.133898 0
16.2057 0.305882 -0.133898 0
16.3687 0.309804 -0.133898 0
16.6379 0.317647 -0.133898 0
16.6701 0.321569 -0.133898 0
16.6728 0.329412 -0.133898 0
16.6857 0.337255 -0.133898 0
16.6938 0.341176 -0.133898 0
16.7177 0.34902 -0.133898 0
16.8089 0.352941 -0.133898 0
16.9447 0.360784 -0.133898 0
17.0411 0.364706 -0.133898 0
17.0619 0.372549 -0.133898 0
17.089 0.376471 -0.133898 0
17.1101 0.384314 -0.133898 0
17.1259 0.392157 -0.133898 0
17.1417 0.396078 -0.133898 0
17.161 0.403922 -0.133898 0
17.2227 0.411765 -0.133898 0
17.2569 0.415686 -0.133898 0
17.2779 0.423529 -0.133898 0
17.2859 0.431373 -0.133898 0
17.3418 0.439216 -0.133898 0
17.4246 0.443137 -0.133898 0
17.4297 0.45098 -0.133898 0
17.4488 0.458824 -0.133898 0
17.4941 0.462745 -0.133898 0
17.5581 0.470588 -0.133898 0
17.5901 0.5 -0.133898 0
19.1609 0.5 -0.133898 0
19.3774 0.5 -0.133898 0
19.4222 0.5 -0.133898 0
19.4494 0.5 -0.133898 0
19.8431 0.470588 -0.133898 0
19.8573 0.462745 -0.133898 0
19.8705 0.454902 -0.133898 0
19.8732 0.447059 -0.133898 0
19.8943 0.439216 -0.133898 0
19.9181 0.431373 -0.133898 0
19.9373 0.423529 -0.133898 0
19.9471 0.415686 -0.133898 0
19.9503 0.407843 -0.133898 0
19.9534 0.4 -0.133898 0
19.9612 0.392157 -0.133898 0
19.9714 0.380392 -0.133898 0
19.977 0.372549 -0.133898 0
19.9851 0.352941 -0.133898 0
19.9952 0.345098 -0.133898 0
19.9982 0.333333 -0.133898 0
20.0013 0.309804 -0.133898 0
20.0091 0.301961 -0.133898 0
20.0191 0.290196 -0.133898 0
20.0332 0.254902 -0.133898 0
20.0414 0.196078 -0.133898 0
20.0461 0.184314 -0.133898 0
20.0513 0.172549 -0.133898 0
20.0545 0 -0.133898 0
20.057 0 -0.133898 0
20.0654 0 -0.133898 0
20.0703 0 -0.133898 0
20.0755 0 -0.133898 0
20.0757 0 -0.133898 0
20.0811 0 -0.133898 0
20.0945 0 -0.133898 0
20.0947 0 -0.133898 0
20.0991 0 -0.133898 0
20.1023 0 -0.133898 0
20.1181 0 -0.133898 0
20.1619 0 -0.145983 0
20.2067 0 -0.158068 0
20.2195 0 -0.170153 0
20.2252 0 -0.186267 0
20.2332 0 -0.20238 0
20.2462 0 -0.20238 0
20.2542 0 -0.250721 0
20.2623 0 -0.262806 0
20.2783 0 -0.311147 0
20.2893 0 -0.343374 0
20.2991 0 -0.359487 0
20.3053 0 -0.379629 0
20.3138 0 -0.395743 0
20.3232 0 -0.411856 0
20.3372 0 -0.448112 0
20.3424 0 -0.468254 0
20.3426 0 -0.468254 0
20.3474 0 -0.488396 0
20.3503 0 -0.488396 0
20.3542 0 -0.504509 0
20.3611 0 -0.581048 0
20.3662 0 -0.581048 0
20.3713 0 -0.597162 0
20.3772 0 -0.613275 0
20.3859 0 -0.633417 0
20.3861 0 -0.633417 0
20.3903 0 -0.649531 0
20.3933 0 -0.665644 0
20.3984 0 -0.681758 0
20.4093 0 -0.730098 0
20.4815 0 -0.730098 0
20.8752 0 -0.689815 0
20.8814 0 -0.673701 0
20.8942 0 -0.657588 0
21.1213 0 -0.641474 0
21.1534 0 -0.589105 0
21.1584 0 -0.572992 0
21.1634 0 -0.556878 0
21.1692 0 -0.536736 0
21.1824 0 -0.484367 0
21.1933 0 -0.440055 0
21.2063 0 -0.415885 0
21.2066 0 -0.415885 0
21.2114 0 -0.399771 0
21.217 0 -0.399771 0
21.2338 0 -0.399771 0
21.2583 0 -0.399771 0
21.3374 0 -0.448112 0
21.3427 0 -0.500481 0
21.343 0 -0.500481 0
21.3456 0 -0.516594 0
21.353 0 -0.605219 0
21.3533 0 -0.605219 0
21.3583 0 -0.657588 0
21.3614 0 -0.677729 0
21.3664 0 -0.693843 0
21.3697 0 -0.758297 0
21.3774 0 -0.810666 0
21.3776 0 -0.810666 0
21.3855 0 -0.87512 0
21.3954 0 -0.947631 0
21.3963 0 -0.947631 0
21.4017 0 -0.959716 0
21.4022 0 -0.959716 0
21.4094 0 -1 0
21.5457 0 -1 0
22.2386 0 -1 0
22.2497 0 -1 0
22.2656 0 -1 0
22.2815 0 -1 0
22.2915 0 -1 0
22.3056 0 -1 0
22.3108 0 -1 0
22.3214 0 -1 0
22.335 0.152941 -1 0
22.3379 0.164706 -1 0
22.3459 0.172549 -1 0
22.354 0.203922 -1 0
22.3666 0.211765 -1 0
22.3826 0.219608 -1 0
22.3908 0.223529 -1 0
22.4018 0.231373 -1 0
22.41 0.239216 -1 0
22.4148 0.247059 -1 0
22.4173 0.254902 -1 0
22.4354 0.270588 -1 0
22.4504 0.278431 -1 0
22.4555 0.286274 -1 0
22.476 0.294118 -1 0
22.5621 0.298039 -1 0
23.082 0.305882 -1 0
23.2019 0.309804 -1 0
23.3463 0.309804 -1 0
23.4468 0.309804 -1 0
23.7297 0.309804 -1 0
23.7458 0.309804 -1 0
23.7537 0.309804 -1 0
23.7617 0.309804 -1 0
23.7697 0.309804 -1 0
23.7776 0.309804 -1 0
23.7908 0.309804 -1 0
23.8021 0.309804 -1 0
23.8148 0.309804 -1 0
23.8226 0.309804 -1 0
23.8417 0.309804 -1 0
23.8498 0.309804 -0.979858 0
23.8583 0.309804 -0.895262 0
23.8585 0.301961 -0.895262 0
23.8656 0.301961 -0.838865 0
23.866 0.278431 -0.838865 0
23.8738 0.278431 -0.758297 0
23.8748 0.278431 -0.758297 0
23.875 0.254902 -0.758297 0
23.8822 0.254902 -0.709957 0
23.8825 0.254902 -0.709957 0
23.8828 0.203922 -0.709957 0
23.8867 0.203922 -0.645502 0
23.8873 0.172549 -0.645502 0
23.8901 0.172549 -0.629389 0
23.8903 0.172549 -0.629389 0
23.8905 0 -0.629389 0
23.8945 0 -0.568963 0
23.895 0 -0.568963 0
23.8966 0 -0.568963 0
23.8986 0 -0.568963 0
23.8989 0 -0.568963 0
23.9062 0 -0.500481 0
23.907 0 -0.500481 0
23.9072 0 -0.500481 0
23.9107 0 -0.500481 0
23.9141 0 -0.423941 0
23.9146 0 -0.423941 0
23.9152 0 -0.423941 0
23.919 0 -0.423941 0
23.9192 0 -0.423941 0
23.9239 0 -0.407828 0
23.9298 0 -0.391714 0
23.9311 0 -0.391714 0
23.9395 0 -0.371572 0
23.9405 0 -0.371572 0
23.9459 0 -0.351431 0
23.9537 0 -0.335317 0
23.9858 0 -0.319203 0
24.1278 0 -0.30309 0
24.2098 0 -0.282948 0
24.218 0 -0.234607 0
24.2308 0 -0.218494 0
24.2337 0 -0.166125 0
24.255 0 -0.150011 0
24.2919 0 -0.133898 0
24.3348 0 -0.117784 0
24.3458 0 -0.117784 0
24.3697 0 -0.101671 0
24.4067 0 -0.0855573 0
24.4502 0 -0.0694438 0
24.4658 0 -0.0694438 0
24.57 0 -0.0533303 0
24.5781 0 -0 0
24.5857 0 -0 0
24.5938 0 -0 0
24.6069 0 -0 0
24.6228 0 -0 0
24.8038 0 -0 0
24.8499 0 -0 0
25.0739 0 -0 0
25.111 0 -0 0
25.4711 0 -0 0
25.7517 0 -0 0
26.186 0 -0 0
26.199 0 -0 0
26.207 0 -0 0
26.2177 0.164706 -0 0
26.2311 0.219608 -0 0
26.2342 0.254902 -0 0
26.2419 0.262745 -0 0
26.2469 0.270588 -0 0
26.2552 0.278431 -0 0
26.2581 0.286274 -0 0
26.2792 0.290196 -0 0
26.5513 0.298039 -0 0
26.5622 0.301961 -0 0
26.5753 0.309804 -0 0
26.6104 0.313725 -0 0
26.6311 0.321569 -0 0
27.0424 0.309804 -0 0
27.3681 0.301961 -0 0
28.2582 0.286274 -0 0
28.2661 0.25098 -0 0
28.2745 0.180392 -0 0
28.2823 0 -0 0
28.2902 0 -0 0
28.3008 0 -0 0
28.3142 0 -0 0
28.3192 0 -0 0
28.3243 0 -0 0
28.4507 0 -0 0
28.4582 0 -0 0
28.4794 0 -0 0
28.495 0 -0 0
28.5224 0 -0 0
28.5592 0 -0 0
28.5624 0 -0 0
28.5676 0 -0 0
28.5751 0 -0 0
28.5782 0 -0 0
28.5862 0 -0 0
28.5942 0 -0 0
28.6043 0 -0 0
28.6102 0 -0 0
28.6182 0 -0 0
28.6232 0 -0 0
28.6313 0 -0 0
28.6342 0 -0 0
28.6391 0 -0 0
28.6422 0 -0 0
28.6475 0 -0 0
28.6509 0 -0 0
28.6511 0 -0 0
28.6553 0 -0 0
28.6583 0 -0 0
28.6664 0 -0 0
28.6713 0 -0 0
28.6745 0 -0 0
28.6792 0 -0 0
28.6874 0 -0 0
28.6953 0 -0 0
28.6957 0 -0 0
28.7032 0 -0 0
28.7034 0 -0 0
28.7146 0 -0 0
28.7547 0 -0 0
28.7674 0 -0 0
28.7676 0 -0 0
28.8793 0 -0 0
28.9033 0 -0 0
28.9303 0 -0 0
28.9384 0 -0 0
28.9434 0 -0 0
28.9512 0 -0 0
28.9597 0 -0 0
28.9625 0 -0 0
28.9687 0 -0 0
28.9705 0 -0 0
28.9781 0 -0 0
28.9864 0 -0 0
28.9916 0 -0 0
28.9946 0 -0 0
28.9994 0 -0 0
29.0001 0 -0 0
29.0074 0 -0 0
29.0104 0 -0 0
29.0152 0 -0 0
29.0157 0 -0 0
29.0184 0 -0 0
29.0233 0 -0 0
29.0314 0 -0 0
29.0343 0 -0 0
29.0394 0 -0 0
29.0505 0 -0 0
29.0583 0 -0 0
29.0636 0 -0 0
29.0713 0 -0 0
29.0794 0 -0 0
29.0871 0 -0 0
29.0954 0 -0 0
29.1033 0 -0 0
29.1064 0 -0 0
29.1114 0 -0 0
29.1142 0 -0 0
29.1192 0 -0 0
29.1195 0 -0 0
29.1222 0 -0 0
29.127 0 -0 0
29.1305 0 -0 0
29.1432 0 -0 0
29.1468 0 -0 0
29.1521 0 -0 0
29.1595 0 -0 0
29.1675 0 -0 0
29.1755 0 -0 0
29.1834 0 -0 0
29.2187 0 -0 0
29.2235 0 -0 0
29.226 0 -0 0
29.231 0 -0 0
29.2318 0 -0 0
29.2346 0 -0 0
29.2348 0 -0 0
29.2393 0 -0 0
29.2424 0 -0 0
29.2475 0 -0 0
29.2504 0.168627 -0 0
29.2552 0.215686 -0 0
29.2587 0.215686 -0 0
29.2598 0.247059 -0 0
29.2635 0.254902 -0 0
29.2663 0.282353 -0 0
29.2715 0.290196 -0 0
29.2741 0.298039 -0 0
29.2791 0.321569 -0 0
29.2875 0.329412 -0 0
29.2907 0.333333 -0 0
29.2954 0.341176 -0 0
29.3033 0.34902 -0 0
29.3144 0.34902 -0 0
29.315 0.356863 -0 0
29.3223 0.364706 -0 0
29.3275 0.364706 -0 0
29.3305 0.372549 -0 0
29.3676 0.380392 -0 0
29.6076 0.380392 -0 0
29.6347 0.380392 -0 0
29.6876 0.380392 -0 0
29.7067 0.372549 -0 0
29.7116 0.360784 -0 0
29.7196 0.337255 -0 0
29.7226 0.32549 -0 0
29.7308 0.266667 -0 0
29.7386 0.211765 -0 0
29.7466 0 -0 0
29.7545 0 -0 0
29.7626 0 -0 0
29.9115 0 -0 0
29.9146 0 -0 0
29.9194 0 -0 0
29.9227 0 -0 0
29.9305 0 -0 0
29.9385 0 -0 0
29.9466 0 -0 0
29.9546 0 -0 0
29.9624 0 -0 0
29.9709 0 -0 0
29.9841 0 -0 0
29.9847 0 -0 0
29.9916 0 -0 0
29.9945 0 -0 0
29.9994 0 -0 0
30.0025 0 -0 0
30.0104 0 -0 0
30.0183 0 -0 0
30.0262 0 -0 0
30.1869 0 -0 0
30.2507 0 -0 0
30.2958 0 -0 0
30.9759 0 -0 0
31.0669 0 -0 0
31.1471 0 -0 0
31.179 0 -0 0
31.2189 0 -0 0
31.2406 0 -0 0
31.2558 0 -0 0
31.2666 0 -0 0
31.2747 0 -0 0
31.2908 0 -0 0
31.3198 0 -0 0
31.4076 0 -0 0
33.515 0 -0 0
34.2162 0 -0 0
34.5601 0 -0 0
34.683 0 -0 0
34.6883 0 -0 0
34.6913 0 -0 0
34.6961 0 -0 0
34.7072 0 -0 0
34.7074 0 -0 0
34.7122 0 -0 0
34.715 0 -0 0
34.72 0 -0 0
34.7204 0 -0 0
34.7233 0 -0 0
34.7312 0 -0 0
34.7391 0 -0 0
34.8434 0 -0 0
35.8806 0 -0 0
35.8836 0 -0 0
35.8912 0 -0 0
35.9875 0 -0 0
36.2994 0 -0 0
36.3235 0 -0 0
36.3392 0 -0 0
36.3553 0 -0 0
36.3602 0 -0.0533303 0
36.3634 0 -0.0694438 0
36.3686 0 -0.081529 0
36.4006 0 -0.0936141 0
36.4645 0 -0.105699 0
36.6193 0 -0.105699 0
36.6834 0 -0.105699 0
36.7124 0 -0.105699 0
36.7283 0 -0.117784 0
36.7793 0 -0.117784 0
37.0684 0 -0.117784 0
37.3959 0 -0.117784 0
37.8324 0 -0.117784 0
37.8566 0 -0.117784 0
37.8648 0 -0.117784 0
37.8674 0 -0.117784 0
37.873 0 -0.117784 0
37.884 0 -0.117784 0
37.8893 0 -0.117784 0
37.8916 0 -0.117784 0
37.8995 0 -0.117784 0
37.9076 0 -0.117784 0
37.9131 0 -0.117784 0
37.9156 0 -0.117784 0
37.9206 0 -0.117784 0
37.9234 0 -0.117784 0
37.9287 0 -0.117784 0
37.9317 0 -0.117784 0
37.9369 0.172549 -0.117784 0
37.945 0.203922 -0.117784 0
37.9474 0.207843 -0.117784 0
37.9526 0.215686 -0.117784 0
37.9555 0.223529 -0.117784 0
37.9603 0.231373 -0.117784 0
37.9636 0.239216 -0.117784 0
37.9689 0.247059 -0.117784 0
37.9721 0.254902 -0.117784 0
37.9794 0.258824 -0.117784 0
37.9926 0.266667 -0.117784 0
38.0196 0.270588 -0.117784 0
38.1878 0.278431 -0.117784 0
38.2249 0.286274 -0.117784 0
38.2678 0.294118 -0.117784 0
38.2814 0.301961 -0.117784 0
38.2902 0.309804 -0.117784 0
38.316 0.317647 -0.117784 0
38.377 0.321569 -0.117784 0
38.3958 0.329412 -0.117784 0
38.411 0.333333 -0.117784 0
38.4245 0.341176 -0.117784 0
38.458 0.345098 -0.117784 0
38.4728 0.352941 -0.117784 0
38.4757 0.360784 -0.117784 0
38.4917 0.368627 -0.117784 0
38.5365 0.368627 -0.117784 0
38.5634 0.372549 -0.117784 0
38.585 0.380392 -0.117784 0
39.2815 0.380392 -0.117784 0
40.9289 0.380392 -0.12987 0
42.8574 0.372549 -0.12987 0
42.8653 0.364706 -0.12987 0
42.8812 0.34902 -0.12987 0
42.8892 0.341176 -0.12987 0
42.8943 0.329412 -0.12987 0
42.9003 0.305882 -0.12987 0
42.9105 0.298039 -0.12987 0
42.9161 0.290196 -0.12987 0
42.9242 0.254902 -0.12987 0
42.9291 0.223529 -0.12987 0
42.9342 0.184314 -0.12987 0
42.9401 0 -0.12987 0
42.9483 0 -0.12987 0
42.9534 0 -0.12987 0
42.9584 0 -0.12987 0
42.9613 0 -0.12987 0
42.9643 0 -0.12987 0
43.2282 0 -0.12987 0
43.2361 0 -0.12987 0
43.2604 0 -0.145983 0
43.2608 0 -0.145983 0
43.2654 0 -0.158068 0
43.2684 0 -0.17821 0
43.2732 0 -0.194324 0
43.2736 0 -0.194324 0
43.2762 0 -0.206409 0
43.2813 0 -0.270863 0
43.2896 0 -0.351431 0
43.3004 0 -0.444083 0
43.3054 0 -0.524651 0
43.3082 0 -0.60119 0
43.313 0 -0.617304 0
43.3163 0 -0.7019 0
43.3165 0 -0.7019 0
43.3213 0 -0.722042 0
43.3242 0 -0.814694 0
43.3292 0 -0.834836 0
43.3322 0 -0.919432 0
43.3372 0 -0.967773 0
43.3403 0 -0.979858 0
43.3453 0 -1 0
43.8762 0 -1 0
45.1135 0 -1 0
45.1165 0 -1 0
45.1243 0 -1 0
45.1325 0 -1 0
45.1403 0 -1 0
45.1483 0 -1 0
45.154 0 -1 0
45.1618 0 -1 0
45.1646 0 -1 0
45.1725 0.156863 -1 0
45.1784 0.168627 -1 0
45.1807 0.207843 -1 0
45.1856 0.219608 -1 0
45.1969 0.25098 -1 0
45.2045 0.27451 -1 0
45.2123 0.282353 -1 0
45.2204 0.290196 -1 0
45.2284 0.298039 -1 0
45.2364 0.305882 -1 0
45.2497 0.309804 -1 0
45.2605 0.317647 -1 0
45.2656 0.341176 -1 0
45.2821 0.352941 -1 0
45.2847 0.360784 -1 0
45.2945 0.368627 -1 0
45.2975 0.376471 -1 0
45.3004 0.384314 -1 0
45.3135 0.388235 -1 0
45.3326 0.396078 -1 0
45.4525 0.403922 -1 0
45.9647 0.403922 -1 0
46.7325 0.407843 -1 0
47.0287 0.415686 -1 0
47.1087 0.423529 -1 0
47.1138 0.431373 -1 0
47.1187 0.439216 -1 0
47.1246 0.45098 -1 0
47.1487 0.454902 -1 0
47.1647 0.462745 -1 0
47.1808 0.466667 -1 0
47.237 0.47451 -1 0
47.6129 0.5 -1 0
47.6531 0.5 -1 0
47.6658 0.5 -1 0
47.6849 0.5 -1 0
47.7568 0.5 -1 0
47.8368 0.5 -1 0
47.8708 0.5 -1 0
47.9491 0.529412 -1 0
48.0211 0.533333 -1 0
49.7312 0.541176 -1 0
50.0551 0.545098 -1 0
56.368 0.545098 -1 0
56.4267 0.545098 -1 0
56.4619 0.545098 -1 0
56.579 0.545098 -1 0
56.6383 0.545098 -1 0
56.6559 0.545098 -1 0
56.6704 0.545098 -1 0
56.6941 0.545098 -1 0
56.7663 0.545098 -1 0
56.7952 0.545098 -1 0
56.8153 0.545098 -1 0
56.8221 0.545098 -1 0
56.8302 0.545098 -1 0
56.8379 0.545098 -1 0
56.8624 0.545098 -1 0
56.894 0.545098 -1 0
57.022 0.545098 -1 0
57.1101 0.545098 -1 0
57.1343 0.545098 -1 0
57.148 0.545098 -1 0
57.1742 0.545098 -1 0
57.2703 0.545098 -1 0
57.2782 0.537255 -1 0
57.2846 0.537255 -1 0
57.2849 0.52549 -1 0
57.2864 0.5 -1 0
57.2937 0.5 -1 0
57.2942 0.5 -1 0
57.2989 0.419608 -1 0
57.302 0.372549 -1 0
57.3101 0.372549 -1 0
57.3107 0.321569 -1 0
57.3152 0.278431 -1 0
57.3201 0.203922 -1 0
57.3231 0.203922 -0.987915 0
57.3232 0 -0.987915 0
57.3262 0 -0.923461 0
57.3327 0 -0.923461 0
57.333 0 -0.923461 0
57.3342 0 -0.842893 0
57.3346 0 -0.842893 0
57.3353 0 -0.842893 0
57.3422 0 -0.367544 0
57.3431 0 -0.367544 0
57.347 0 -0.367544 0
57.3521 0 -0.17821 0
57.3523 0 -0.17821 0
57.5181 0 -0.17821 0
57.5312 0 -0.17821 0
57.542 0 -0.17821 0
57.5919 0 -0.17821 0
57.5983 0 -0.17821 0
57.6163 0 -0.17821 0
57.6222 0 -0.17821 0
57.6381 0 -0.17821 0
57.6461 0 -0.17821 0
57.6463 0 -0.17821 0
57.6523 0 -0.17821 0
57.6549 0 -0.17821 0
57.6551 0 -0.17821 0
57.6592 0 -0.17821 0
57.6595 0 -0.17821 0
57.6624 0 -0.17821 0
57.6669 0 -0.17821 0
57.6701 0 -0.17821 0
57.6702 0 -0.17821 0
57.6782 0 -0.17821 0
57.6885 0 -0.17821 0
57.6887 0 -0.17821 0
57.6917 0 -0.17821 0
57.6942 0 -0.17821 0
57.699 0 -0.17821 0
57.6996 0 -0.17821 0
57.702 0 -0.17821 0
57.71 0 -0.17821 0
57.7183 0 -0.17821 0
57.7264 0 -0.17821 0
57.7392 0 -0.17821 0
58.0218 0 -0.17821 0
58.0352 0 -0.17821 0
58.0543 0 -0.17821 0
58.3021 0 -0.17821 0
58.3279 0 -0.17821 0
58.7982 0 -0.17821 0
58.9822 0 -0.17821 0
58.9983 0 -0.17821 0
59.0084 0 -0.17821 0
59.0225 0 -0.17821 0
59.0382 0 -0.17821 0
59.0546 0 -0.17821 0
59.0624 0 -0.17821 0
59.0996 0 -0.17821 0
59.2623 0 -0.17821 0
59.27 0 -0.17821 0
59.2861 0 -0.17821 0
59.2949 0 -0.17821 0
59.3315 0 -0.17821 0
62.4517 0 -0.17821 0
62.8037 0 -0.17821 0
62.8277 0 -0.17821 0
63.0738 0 -0.17821 0
63.0773 0 -0.17821 0
63.0918 0 -0.17821 0
63.0998 0 -0.17821 0
63.116 0 -0.17821 0
63.1239 0 -0.17821 0
63.1319 0 -0.17821 0
63.1374 0 -0.17821 0
63.1429 0 -0.17821 0
63.156 0 -0.17821 0
63.1668 0 -0.17821 0
63.1798 0 -0.17821 0
63.1828 0 -0.17821 0
63.1958 0 -0.17821 0
63.2012 0 -0.17821 0
63.204 0 -0.17821 0
63.207 0 -0.17821 0
63.2072 0 -0.17821 0
63.2147 0 -0.17821 0
63.215 0 -0.17821 0
63.2197 0 -0.17821 0
63.2199 0 -0.17821 0
63.3959 0 -0.17821 0
63.4067 0 -0.17821 0
63.9959 0 -0.17821 0
63.9963 0 -0.17821 0
64.0019 0 -0.17821 0
64.0067 0 -0.17821 0
64.0147 0 -0.17821 0
64.015 0 -0.17821 0
64.0279 0 -0.17821 0
64.0394 0 -0.17821 0
64.0396 0 -0.17821 0
64.0519 0 -0.17821 0
64.0627 0 -0.17821 0
64.0953 0 -0.17821 0
64.167 0 -0.162097 0
64.1991 0 -0.145983 0
64.2316 0 -0.12987 0
64.2318 0 -0.12987 0
64.2359 0 -0.12987 0
64.2522 0 -0.12987 0
64.26 0 -0.12987 0
64.271 0 -0.12987 0
64.284 0 -0.12987 0
64.2891 0 -0.113756 0
64.2919 0 -0.113756 0
64.3001 0 -0.113756 0
64.3031 0 -0.113756 0
64.308 0 -0.113756 0
64.3593 0 -0.0976425 0
64.3961 0 -0.081529 0
64.4071 0 -0 0
64.4151 0 -0 0
64.4199 0 -0 0
64.4313 0 -0 0
64.4412 0 0.0755779 0
64.4471 0 0.123919 0
64.4552 0 0.172259 0
64.4559 0 0.172259 0
64.4602 0 0.196429 0
64.4632 0 0.276997 0
64.4678 0 0.293111 0
64.4731 0 0.349508 0
64.4767 0 0.405905 0
64.4791 0 0.426047 0
64.4874 0 0.482444 0
64.492 0 0.530785 0
64.5002 0 0.546899 0
64.5114 0 0.563012 0
64.5213 0 0.603296 0
64.529 0 0.61941 0
64.575 0 0.61941 0
64.5801 0 0.61941 0
64.5837 0 0.530785 0
64.5882 0 0.478416 0
64.5914 0 0.301167 0
64.5959 0 -0 0
64.5965 0 -0 0
64.5991 0 -0.0855573 0
64.5993 0 -0.0855573 0
65.1401 0 -0.0855573 0
65.1511 0 -0.0855573 0
65.164 0 -0.0855573 0
65.1672 0 -0.0855573 0
65.1881 0 -0.0855573 0
65.204 0 -0.0855573 0
65.2153 0 -0.0855573 0
65.228 0 -0.0855573 0
65.236 0 -0.0855573 0
65.2388 0 -0.0855573 0
65.2762 0 -0.0855573 0
65.3321 0 -0.0855573 0
65.3588 0 -0.0855573 0
65.3692 0 -0.0855573 0
65.3751 0 -0.0855573 0
65.3832 0 -0.0855573 0
65.4014 0 -0.0855573 0
65.4207 0 -0.0855573 0
65.4284 0 -0.0855573 0
65.4556 0 -0.0855573 0
65.4601 0 -0.0855573 0
65.4682 0.156863 -0.0855573 0
65.4759 0.168627 -0.0855573 0
65.4844 0.196078 -0.0855573 0
65.4923 0.203922 -0.0855573 0
65.5032 0.211765 -0.0855573 0
65.5109 0.219608 -0.0855573 0
65.5191 0.227451 -0.0855573 0
65.541 0.235294 -0.0855573 0
65.5571 0.239216 -0.0855573 0
65.5671 0.25098 -0.0855573 0
65.5732 0.258824 -0.0855573 0
65.5853 0.266667 -0.0855573 0
65.5913 0.270588 -0.0855573 0
65.6038 0.278431 -0.0855573 0
65.6152 0.286274 -0.0855573 0
65.6475 0.294118 -0.0855573 0
65.6794 0.298039 -0.0855573 0
65.6951 0.305882 -0.0855573 0
65.7111 0.309804 -0.0855573 0
65.7353 0.317647 -0.0855573 0
65.7432 0.32549 -0.0855573 0
65.7562 0.329412 -0.0855573 0
65.7853 0.341176 -0.0855573 0
65.8521 0.34902 -0.0855573 0
65.8604 0.352941 -0.0855573 0
65.8891 0.360784 -0.0855573 0
66.935 0.360784 -0.0855573 0
67.0287 0.360784 -0.0855573 0
67.3591 0.364706 -0.0855573 0
67.3753 0.372549 -0.0855573 0
67.3918 0.380392 -0.0855573 0
67.4128 0.384314 -0.0855573 0
67.4474 0.392157 -0.0855573 0
67.4695 0.4 -0.0855573 0
67.5354 0.403922 -0.0855573 0
68.8316 0.403922 -0.0855573 0
69.4321 0.403922 -0.0855573 0
69.4399 0.403922 -0.0855573 0
69.4498 0.403922 -0.0855573 0
69.4641 0.403922 -0.0855573 0
69.4798 0.403922 -0.0855573 0
70.2048 0.411765 -0.0855573 0
70.3439 0.415686 -0.0855573 0
70.3919 0.423529 -0.0855573 0
70.3995 0.431373 -0.0855573 0
70.4341 0.439216 -0.0855573 0
70.6688 0.447059 -0.0855573 0
70.6927 0.45098 -0.0855573 0
70.7037 0.45098 -0.0855573 0
70.7359 0.45098 -0.0855573 0
70.794 0.45098 -0.0855573 0
70.8213 0.45098 -0.0855573 0
70.8419 0.45098 -0.0855573 0
70.872 0.45098 -0.0855573 0
70.8879 0.45098 -0.0855573 0
70.9059 0.45098 -0.0855573 0
70.9062 0.458824 -0.0855573 0
70.9385 0.458824 -0.0855573 0
70.9389 0.466667 -0.0855573 0
70.9566 0.466667 -0.0855573 0
70.9758 0.466667 -0.0855573 0
71.8079 0.466667 -0.0855573 0
71.832 0.466667 -0.0855573 0
71.9471 0.466667 -0.0855573 0
72.2532 0.466667 -0.0855573 0
72.5203 0.466667 -0.0855573 0
72.5601 0.466667 -0.0855573 0
72.6694 0.466667 -0.0855573 0
73.2662 0.458824 -0.0855573 0
73.2725 0.423529 -0.0855573 0
73.2882 0.392157 -0.0855573 0
73.3012 0.368627 -0.0855573 0
73.3094 0.345098 -0.0855573 0
73.3171 0.317647 -0.0855573 0
73.3208 0.309804 -0.0855573 0
73.3281 0.290196 -0.0855573 0
73.3361 0.243137 -0.0855573 0
73.3412 0.215686 -0.0855573 0
73.3443 0.168627 -0.0855573 0
73.349 0 -0.0855573 0
73.3523 0 -0.0855573 0
73.3573 0 -0.0855573 0
73.3604 0 -0.0855573 0
73.3654 0 -0.0855573 0
73.3682 0 -0.0855573 0
73.3732 0 -0.0855573 0
73.4663 0 -0.0976425 0
73.4821 0 -0.109728 0
73.4885 0 -0.125841 0
73.4962 0 -0.166125 0
73.501 0 -0.186267 0
73.5089 0 -0.274891 0
73.5202 0 -0.343374 0
73.5331 0 -0.363516 0
73.5462 0 -0.444083 0
73.5525 0 -0.512566 0
73.5599 0 -0.597162 0
73.5704 0 -0.613275 0
73.5739 0 -0.629389 0
73.5764 0 -0.689815 0
73.5812 0 -0.705928 0
73.5843 0 -0.722042 0
73.5891 0 -0.794553 0
73.5973 0 -0.814694 0
73.6001 0 -0.863035 0
73.6005 0 -0.863035 0
73.6087 0 -0.947631 0
73.6098 0 -0.947631 0
73.6162 0 -0.963745 0
73.6166 0 -0.963745 0
73.6212 0 -0.979858 0
73.6241 0 -1 0
73.6244 0 -1 0
73.6321 0 -1 0
73.9733 0 -1 0
75.5744 0 -1 0
75.6184 0 -1 0
75.6244 0 -1 0
75.6377 0.160784 -1 0
75.6454 0.188235 -1 0
75.6564 0.2 -1 0
75.6617 0.207843 -1 0
75.6645 0.215686 -1 0
75.6747 0.223529 -1 0
75.6808 0.231373 -1 0
75.6885 0.235294 -1 0
75.6935 0.243137 -1 0
75.7045 0.25098 -1 0
75.7095 0.258824 -1 0
75.7286 0.266667 -1 0
75.7393 0.270588 -1 0
75.7468 0.278431 -1 0
75.7604 0.286274 -1 0
75.7845 0.294118 -1 0
75.8105 0.301961 -1 0
75.8616 0.305882 -1 0
75.8808 0.313725 -1 0
76.0136 0.317647 -1 0
76.2486 0.32549 -1 0
76.3851 0.333333 -1 0
76.4089 0.337255 -1 0
76.5097 0.345098 -1 0
76.601 0.34902 -1 0
77.3237 0.364706 -1 0
77.345 0.372549 -1 0
77.4406 0.376471 -1 0
77.4567 0.384314 -1 0
77.5289 0.392157 -1 0
77.5369 0.396078 -1 0
77.5531 0.403922 -1 0
77.5614 0.411765 -1 0
77.5819 0.419608 -1 0
77.9766 0.423529 -1 0
81.6144 0.423529 -1 0
84.3351 0.415686 -1 0
84.4659 0.407843 -1 0
84.4737 0.4 -1 0
84.5298 0.392157 -1 0
84.6389 0.384314 -1 0
84.8159 0.376471 -1 0
84.9057 0.368627 -1 0
84.9297 0.368627 -0.983886 0
84.9299 0.360784 -0.983886 0
84.9377 0.360784 -0.967773 0
84.9433 0.360784 -0.947631 0
84.9458 0.360784 -0.927489 0
84.9748 0.352941 -0.927489 0
84.9907 0.352941 -0.927489 0
85.004 0.352941 -0.927489 0
85.0097 0.352941 -0.927489 0
85.0177 0.352941 -0.927489 0
85.1109 0.345098 -0.927489 0
85.1218 0.32549 -0.927489 0
85.1318 0.317647 -0.927489 0
85.1377 0.305882 -0.927489 0
85.1427 0.298039 -0.927489 0
85.1463 0.290196 -0.927489 0
85.1537 0.278431 -0.927489 0
85.1597 0.247059 -0.927489 0
85.1668 0.211765 -0.927489 0
85.1697 0.2 -0.927489 0
85.1746 0.172549 -0.927489 0
85.1829 0.160784 -0.927489 0
85.1857 0.152941 -0.927489 0
85.191 0 -0.927489 0
85.1942 0 -0.927489 0
85.1988 0 -0.927489 0
85.2017 0 -0.927489 0
85.2097 0 -0.927489 0
85.2179 0 -0.927489 0
85.2229 0 -0.927489 0
85.2307 0 -0.927489 0
85.2386 0 -0.927489 0
85.2497 0 -0.927489 0
85.2551 0 -0.927489 0
85.4067 0 -0.927489 0
85.4736 0 -0.927489 0
85.4977 0 -0.927489 0
85.5059 0 -0.927489 0
85.522 0 -0.927489 0
85.5267 0 -0.927489 0
85.5346 0 -0.927489 0
85.5698 0 -0.830808 0
85.5777 0 -0.786496 0
85.6278 0 -0.677729 0
85.6283 0 -0.677729 0
85.6339 0 -0.641474 0
85.6418 0 -0.62536 0
85.6517 0 -0.605219 0
85.6549 0 -0.589105 0
85.6679 0 -0.568963 0
85.6742 0 -0.548821 0
85.6744 0 -0.548821 0
85.682 0 -0.528679 0
85.6897 0 -0.504509 0
85.6947 0 -0.484367 0
85.698 0 -0.431998 0
85.7077 0 -0.415885 0
85.7157 0 -0.399771 0
85.7267 0 -0.383658 0
86.0073 0 -0.367544 0
87.4503 0 -0.351431 0
87.4632 0 -0.335317 0
87.4711 0 -0.315175 0
87.4757 0 -0.295033 0
87.479 0 -0.270863 0
87.482 0 -0.198352 0
87.4898 0 -0.105699 0
87.4949 0 -0.0855573 0
87.4955 0 -0.0855573 0
87.5006 0 -0.0654154 0
87.5011 0 -0.0654154 0
87.5033 0 -0 0
87.514 0 -0 0
87.5143 0 -0 0
87.5189 0 -0 0
87.5382 0 -0 0
87.551 0 -0 0
87.5545 0 -0 0
87.5628 0 0.0957198 0
87.5719 0 0.115862 0
87.5751 0 0.164202 0
87.5782 0 0.212543 0
87.5859 0 0.264912 0
87.5941 0 0.281025 0
87.5947 0 0.281025 0
87.6023 0 0.313252 0
87.6101 0 0.333394 0
87.6181 0 0.349508 0
87.6393 0 0.365621 0
87.7381 0 0.365621 0
87.7432 0 0.365621 0
87.7462 0 0.365621 0
87.7515 0 0.349508 0
87.7543 0 0.285054 0
87.7546 0 0.285054 0
87.7587 0 0.2206 0
87.7618 0 0.204486 0
87.767 0 0.148089 0
87.7943 0 0.131975 0
87.7991 0 0.11989 0
87.8022 0 0.0715496 0
87.8069 0 0.0594644 0
87.8101 0 -0 0
87.8153 0 -0 0
87.8179 0 -0 0
87.823 0 -0 0
87.831 0 -0 0
87.8388 0 -0 0
87.847 0 -0 0
87.8743 0 -0.0533303 0
87.9627 0 -0 0
87.9951 0 -0 0
87.9955 0 -0 0
87.9956 0 -0 0
87.9981 0 -0 0
88.0043 0 -0 0
88.0058 0 -0 0
88.008 0 0.103777 0
88.0103 0 0.103777 0
88.0154 0 0.11989 0
88.0155 0 0.11989 0
88.0232 0 0.168231 0
88.0234 0 0.168231 0
88.0261 0 0.168231 0
88.036 0 0.232685 0
88.0362 0 0.232685 0
88.0391 0 0.285054 0
88.0425 0 0.285054 0
88.047 0 0.305196 0
88.0583 0 0.321309 0
88.0584 0 0.321309 0
88.1543 0 0.264912 0
88.1545 0 0.264912 0
88.1588 0 0.264912 0
88.162 0 0.184344 0
88.163 0 0.184344 0
88.1753 0 0.156146 0
88.1845 0 0.136004 0
88.1923 0 0.115862 0
88.193 0 0.115862 0
88.1948 0 -0 0
88.195 0 -0 0
88.2075 0 -0 0
88.2108 0 -0 0
88.211 0 -0 0
88.2151 0 -0 0
88.2183 0 -0 0
88.2192 0 -0 0
88.223 0 -0 0
88.2233 0 -0 0
88.2264 0 -0.061387 0
88.231 0 -0.0734722 0
88.2322 0 -0.0734722 0
88.2422 0 -0.0895857 0
88.2502 0 -0.101671 0
88.9942 0 -0.101671 0
89.0023 0 -0.101671 0
89.0103 0 -0.101671 0
89.0182 0 -0.101671 0
89.026 0 -0.101671 0
89.0345 0 -0.101671 0
89.0423 0 -0.101671 0
89.0504 0 -0.101671 0
89.0663 0 -0.101671 0
89.0743 0 -0.101671 0
89.0904 0 -0.101671 0
89.0983 0 -0.101671 0
89.1142 0 -0.101671 0
89.1223 0 -0.101671 0
89.1385 0.156863 -0.101671 0
89.1674 0.164706 -0.101671 0
89.1702 0.168627 -0.101671 0
89.1784 0.180392 -0.101671 0
89.1862 0.188235 -0.101671 0
89.1942 0.211765 -0.101671 0
89.2261 0.219608 -0.101671 0
89.2312 0.227451 -0.101671 0
89.2503 0.235294 -0.101671 0
89.2714 0.243137 -0.101671 0
89.2746 0.254902 -0.101671 0
89.2958 0.258824 -0.101671 0
89.3062 0.266667 -0.101671 0
89.3224 0.282353 -0.101671 0
89.3388 0.286274 -0.101671 0
89.3462 0.294118 -0.101671 0
89.3547 0.298039 -0.101671 0
89.3703 0.305882 -0.101671 0
89.3865 0.309804 -0.101671 0
89.4102 0.317647 -0.101671 0
89.4266 0.321569 -0.101671 0
89.4422 0.329412 -0.101671 0
89.4504 0.329412 -0.101671 0
89.4634 0.337255 -0.101671 0
89.4911 0.341176 -0.101671 0
89.5066 0.341176 -0.113756 0
89.5353 0.34902 -0.113756 0
89.5673 0.356863 -0.113756 0
89.5703 0.364706 -0.113756 0
89.5918 0.372549 -0.113756 0
89.6109 0.380392 -0.113756 0
89.6182 0.388235 -0.113756 0
89.6263 0.392157 -0.113756 0
89.7811 0.392157 -0.113756 0
91.2511 0.392157 -0.0976425 0
91.2609 0.392157 -0 0
91.2671 0.392157 -0 0
91.2673 0.392157 -0 0
91.2751 0.392157 -0 0
91.2753 0.392157 -0 0
91.5068 0.4 -0 0
91.5276 0.4 -0 0
91.8396 0.4 -0 0
92.6876 0.4 -0 0
92.7071 0.4 -0 0
92.7389 0.4 -0 0
92.744 0.4 -0 0
92.7469 0.4 0.0634928 0
92.7531 0.4 0.0836347 0
92.7548 0.4 0.0997482 0
92.7602 0.4 0.115862 0
92.7604 0.4 0.115862 0
92.7651 0.4 0.115862 0
92.7679 0.4 0.115862 0
92.7704 0.4 0.164202 0
92.7711 0.4 0.164202 0
92.7788 0.4 0.164202 0
92.7873 0.4 0.281025 0
92.7875 0.4 0.281025 0
92.7947 0.4 0.333394 0
92.7961 0.4 0.333394 0
92.803 0.4 0.381735 0
92.8043 0.4 0.381735 0
92.8111 0.4 0.442161 0
92.8118 0.4 0.442161 0
92.8191 0.4 0.490501 0
92.8194 0.4 0.490501 0
92.8266 0.4 0.490501 0
92.8318 0.4 0.510643 0
92.8346 0.4 0.526757 0
92.8399 0.4 0.54287 0
92.841 0.4 0.54287 0
92.8476 0.4 0.558984 0
92.8637 0.4 0.558984 0
92.8827 0.4 0.575097 0
92.9305 0.4 0.514672 0
92.9438 0.4 -0 0
92.9441 0.4 -0 0
92.9485 0.4 -0 0
92.9626 0.4 -0 0
93.4749 0.4 -0 0
93.4828 0.4 -0 0
93.549 0.4 -0 0
93.555 0.4 -0.0895857 0
93.5729 0.4 -0.101671 0
93.579 0.4 -0.117784 0
93.6108 0.388235 -0.117784 0
93.621 0.376471 -0.117784 0
93.6239 0.368627 -0.117784 0
93.6268 0.368627 -0.12987 0
93.6273 0.360784 -0.12987 0
93.6486 0.309804 -0.12987 0
93.6529 0.298039 -0.12987 0
93.659 0.278431 -0.12987 0
93.6687 0.239216 -0.12987 0
93.6717 0.211765 -0.12987 0
93.6748 0.172549 -0.12987 0
93.6827 0 -0.12987 0
93.6879 0 -0.12987 0
93.6927 0 -0.12987 0
93.6989 0 -0.12987 0
93.7117 0 -0.12987 0
93.7946 0 -0.141955 0
93.8031 0 -0.158068 0
93.8079 0 -0.17821 0
93.8131 0 -0.190295 0
93.8168 0 -0.206409 0
93.8188 0 -0.206409 0
93.8287 0 -0.254749 0
93.845 0 -0.266835 0
93.8878 0 -0.347402 0
93.9037 0 -0.456168 0
93.9169 0 -0.60119 0
93.9177 0 -0.60119 0
93.924 0 -0.673701 0
93.9243 0 -0.673701 0
93.9307 0 -0.738155 0
93.9311 0 -0.738155 0
93.9369 0 -0.758297 0
93.9388 0 -0.806638 0
93.9469 0 -0.863035 0
93.9549 0 -0.911376 0
93.9602 0 -0.931517 0
93.9605 0 -0.931517 0
93.963 0 -0.951659 0
93.9724 0 -0.967773 0
93.979 0 -0.987915 0
93.9792 0 -0.987915 0
93.9921 0 -1 0
94.003 0 -1 0
94.4559 0 -1 0
95.5926 0 -1 0
95.5971 0 -1 0
95.6002 0 -1 0
95.6031 0 -1 0
95.6129 0 -1 0
95.6193 0 -1 0
95.6271 0 -1 0
95.6322 0 -1 0
95.637 0 -1 0
95.6402 0 -1 0
95.6431 0 -1 0
95.651 0.168627 -1 0
95.6561 0.180392 -1 0
95.6613 0.207843 -1 0
95.667 0.215686 -1 0
95.6751 0.247059 -1 0
95.6852 0.254902 -1 0
95.6992 0.262745 -1 0
95.7122 0.270588 -1 0
95.7279 0.27451 -1 0
95.7537 0.282353 -1 0
95.7872 0.290196 -1 0
95.8642 0.298039 -1 0
95.8834 0.305882 -1 0
95.9042 0.309804 -1 0
95.9281 0.317647 -1 0
95.9332 0.32549 -1 0
95.9392 0.333333 -1 0
95.9555 0.337255 -1 0
95.9845 0.345098 -1 0
96.0004 0.34902 -1 0
96.0291 0.356863 -1 0
96.0598 0.364706 -1 0
96.0962 0.372549 -1 0
96.1553 0.380392 -1 0
101.793 0.380392 -1 0
102.436 0.380392 -0.951659 0
102.444 0.380392 -0.951659 0
102.452 0.380392 -0.951659 0
102.46 0.380392 -0.951659 0
102.465 0.380392 -0.951659 0
102.481 0.380392 -0.951659 0
102.484 0.380392 -0.931517 0
102.489 0.380392 -0.915404 0
102.492 0.380392 -0.895262 0
102.5 0.380392 -0.87512 0
102.505 0.380392 -0.85095 0
102.508 0.380392 -0.830808 0
102.516 0.380392 -0.770382 0
102.524 0.380392 -0.722042 0
102.532 0.380392 -0.7019 0
102.542 0.380392 -0.641474 0
102.546 0.380392 -0.589105 0
102.548 0.380392 -0.589105 0
102.556 0.380392 -0.520623 0
102.564 0.380392 -0.423941 0
102.564 0.372549 -0.423941 0
102.569 0.372549 -0.4038 0
102.569 0.360784 -0.4038 0
102.572 0.360784 -0.383658 0
102.572 0.352941 -0.383658 0
102.58 0.352941 -0.363516 0
102.58 0.321569 -0.363516 0
102.585 0.298039 -0.363516 0
102.588 0.298039 -0.343374 0
102.596 0.243137 -0.343374 0
102.601 0.2 -0.343374 0
102.604 0 -0.343374 0
102.612 0 -0.32726 0
102.612 0 -0.32726 0
102.62 0 -0.32726 0
102.625 0 -0.32726 0
102.628 0 -0.32726 0
102.644 0 -0.311147 0
102.903 0 -0.311147 0
104.53 0 -0.295033 0
104.534 0 -0.27892 0
104.537 0 -0.254749 0
104.54 0 -0.190295 0
104.548 0 -0.117784 0
104.553 0 -0 0
104.562 0 -0 0
104.569 0 -0 0
104.577 0 -0 0
104.588 0 -0 0
104.601 0 0.11989 0
104.601 0 0.11989 0
104.607 0 0.168231 0
104.607 0 0.168231 0
104.612 0 0.264912 0
104.612 0 0.264912 0
104.62 0 0.361593 0
104.621 0 0.361593 0
104.625 0 0.385763 0
104.631 0 0.450217 0
104.637 0 0.474388 0
104.649 0 0.522728 0
104.661 0 0.538842 0
104.668 0 0.538842 0
104.679 0 0.538842 0
104.694 0 0.538842 0
104.724 0 0.5187 0
104.726 0 0.5187 0
104.732 0 0.385763 0
104.742 0 0.276997 0
104.745 0 0.204486 0
104.756 0 0.148089 0
104.77 0 0.148089 0
104.791 0 0.131975 0
104.797 0 0.115862 0
104.804 0 0.0675212 0
104.841 0 0.0675212 0
105.244 0 0.0675212 0
105.249 0 0.0675212 0
105.252 0 0.0675212 0
105.261 0 0.0675212 0
105.273 0 0.0675212 0
105.297 0 0.0675212 0
105.308 0 0.0675212 0
105.325 0 0.0675212 0
105.33 0 0.0675212 0
105.33 0 0.0675212 0
105.346 0 0.0675212 0
105.354 0 0.0675212 0
105.369 0 0.0675212 0
105.375 0 0.0675212 0
105.38 0 0.0675212 0
105.393 0 0.0675212 0
105.415 0 0.0675212 0
105.437 0 0.0675212 0
105.445 0 0.0675212 0
105.493 0 0.0675212 0
105.525 0 0.0675212 0
105.561 0.152941 0.0675212 0
105.573 0.152941 0.055436 0
105.578 0.160784 0.055436 0
105.597 0.168627 0.055436 0
105.613 0.176471 0.055436 0
105.621 0.188235 0.055436 0
105.626 0.196078 0.055436 0
105.634 0.203922 0.055436 0
105.642 0.203922 0.055436 0
105.644 0.203922 -0 0
105.652 0.211765 -0 0
105.668 0.219608 -0 0
105.684 0.227451 -0 0
105.706 0.231373 -0 0
105.725 0.231373 -0 0
105.749 0.239216 -0 0
105.772 0.243137 -0 0
105.785 0.25098 -0 0
105.842 0.258824 -0 0
105.899 0.266667 -0 0
105.917 0.270588 -0 0
105.933 0.278431 -0 0
105.949 0.286274 -0 0
106.245 0.286274 -0 0
106.783 0.286274 -0 0
108.037 0.286274 -0 0
108.061 0.286274 -0 0
108.085 0.286274 -0 0
108.093 0.286274 -0 0
108.098 0.286274 -0 0
108.103 0.286274 -0 0
108.107 0.286274 -0.0573587 0
108.109 0.286274 -0.0775006 0
108.121 0.286274 -0.0976425 0
108.13 0.286274 -0.109728 0
108.165 0.286274 -0.121813 0
108.205 0.286274 -0.133898 0
108.221 0.286274 -0.150011 0
108.237 0.286274 -0.166125 0
108.261 0.286274 -0.182239 0
108.293 0.286274 -0.198352 0
108.315 0.286274 -0.210437 0
108.316 0.286274 -0.210437 0
108.322 0.286274 -0.230579 0
108.323 0.286274 -0.230579 0
108.325 0.286274 -0.246693 0
108.33 0.286274 -0.246693 0
108.338 0.286274 -0.258778 0
108.354 0.286274 -0.274891 0
108.357 0.286274 -0.291005 0
108.362 0.286274 -0.343374 0
108.37 0.286274 -0.355459 0
108.375 0.286274 -0.367544 0
108.381 0.286274 -0.387686 0
108.389 0.286274 -0.4038 0
108.39 0.286274 -0.4038 0
108.423 0.286274 -0.415885 0
108.466 0.286274 -0.436027 0
108.469 0.286274 -0.45214 0
108.474 0.286274 -0.472282 0
108.482 0.286274 -0.492424 0
108.49 0.286274 -0.512566 0
108.498 0.286274 -0.560906 0
108.509 0.286274 -0.57702 0
108.517 0.286274 -0.593133 0
108.554 0.286274 -0.605219 0
108.554 0.286274 -0.605219 0
108.589 0.286274 -0.617304 0
108.605 0.286274 -0.697871 0
108.613 0.286274 -0.709957 0
108.621 0.286274 -0.722042 0
108.629 0.286274 -0.742184 0
108.634 0.286274 -0.790524 0
108.679 0.286274 -0.790524 0
108.714 0.286274 -0.802609 0
108.759 0.286274 -0.822751 0
108.762 0.286274 -0.838865 0
108.778 0.286274 -0.85095 0
108.938 0.286274 -0.85095 0
108.981 0.286274 -0.85095 0
109.09 0.286274 -0.85095 0
109.106 0.286274 -0.798581 0
109.117 0.286274 -0.75024 0
109.122 0.286274 -0.75024 0
109.125 0.286274 -0.734127 0
109.126 0.286274 -0.734127 0
109.13 0.286274 -0.718013 0
109.133 0.286274 -0.718013 0
109.138 0.286274 -0.653559 0
109.141 0.286274 -0.653559 0
109.149 0.286274 -0.629389 0
109.149 0.286274 -0.629389 0
109.158 0.286274 -0.548821 0
109.158 0.286274 -0.548821 0
109.162 0.286274 -0.488396 0
109.163 0.286274 -0.488396 0
109.173 0.286274 -0.411856 0
109.173 0.286274 -0.411856 0
109.189 0.286274 -0.375601 0
109.197 0.286274 -0.359487 0
109.205 0.286274 -0.359487 0
109.226 0.286274 -0.339345 0
109.234 0.286274 -0.323232 0
109.242 0.286274 -0.307118 0
109.253 0.286274 -0.291005 0
109.261 0.286274 -0.291005 0
109.458 0.286274 -0.274891 0
109.477 0.286274 -0.254749 0
109.482 0.286274 -0.238636 0
109.485 0.286274 -0.218494 0
109.49 0.286274 -0.20238 0
109.493 0.286274 -0.150011 0
109.501 0.286274 -0.12987 0
109.509 0.286274 -0.113756 0
109.53 0.286274 -0.0976425 0
109.781 0.278431 -0.0976425 0
109.789 0.247059 -0.0976425 0
109.794 0.239216 -0.0976425 0
109.797 0.196078 -0.0976425 0
109.802 0.160784 -0.0976425 0
109.805 0 -0.0976425 0
109.81 0 -0.0976425 0
109.813 0 -0.0976425 0
109.818 0 -0.0976425 0
109.821 0 -0.0976425 0
109.826 0 -0.0976425 0
110.386 0 -0.0976425 0
110.414 0 -0.0976425 0
110.414 0 -0.0976425 0
110.434 0 -0.0976425 0
110.501 0 -0.0976425 0
110.53 0 -0.0976425 0
110.581 0 -0.0976425 0
110.626 0 -0.0976425 0
110.627 0 -0.0976425 0
110.634 0 -0.0976425 0
110.635 0 -0.0976425 0
110.642 0 -0.0976425 0
110.65 0 -0.0976425 0
110.653 0 -0.0976425 0
110.661 0 -0.081529 0
110.813 0 -0.081529 0
110.877 0 -0.081529 0
110.909 0 -0.081529 0
111.102 0 -0.081529 0
111.117 0 -0.081529 0
111.25 0 -0.081529 0
111.262 0 -0.081529 0
111.298 0 -0.0654154 0
111.314 0 -0.0654154 0
111.317 0 -0.0654154 0
111.338 0 -0.0654154 0
111.341 0 -0.0654154 0
111.354 0 -0.0654154 0
111.357 0 -0.0654154 0
111.365 0 -0.0654154 0
111.378 0 -0.0654154 0
111.382 0 -0.0654154 0
111.389 0 -0.0654154 0
111.397 0 -0.0654154 0
111.405 0 -0.0654154 0
111.413 0 -0.0654154 0
111.421 0 -0.0654154 0
111.429 0 -0.0654154 0
111.437 0 -0.0654154 0
111.445 0 -0.0654154 0
112.877 0 -0.0654154 0
112.906 0 -0.0654154 0
112.922 0 -0.0654154 0
112.928 0 -0.0654154 0
112.934 0 -0.0654154 0
112.941 0 -0.0654154 0
112.966 0 -0.0654154 0
112.971 0 -0.0654154 0
112.973 0 -0.0654154 0
112.974 0 -0.0654154 0
112.978 0 -0.0654154 0
112.981 0 -0.0654154 0
